17274
383398
16446
90162
3984
670
906947
13045
8453735
293538900292
4410101665
229866
944018
43864869697
3679
125574786
711677
79252
53
305346
643736
3643
2418
848086
35962375523817
39758
1135195357
297028
6666079
4152292787292
2276397
7053269
25169132176
23081595005
67807
7023
646705026
477731647732
29157
8505005
3496568
8791173
4956921
57700
1752950
744104
9816
534397
376799385
59886274
2
813014
1591397
43837
6549049
8021
759801
1679316388137
3934778
954
7661
4455822503965
357783
654595
144728
2930698
182865
5119150
606
8259339
75831
459837
6228
140754
7316771
286717544
4838489
4343252
89093099
24392605
24781
2991093315
4177225
866685
4673507
44728088033781795
68901161
4497555
1558
672729
308816
2181057
586934
298955501
9630628141
46179
50
2631
35782966
317767
536494
231
826793
1333788
53476453342
70426
6049
944
624941
32543
29359875
1858
69985448
79359
408
272
8725
39
4471
657003826
7769
6723
396
7323382261
2992
4
31119
33165918463
85917
688
45377090
813519650
84604645465
93418514318
5462
649483
100
36008
48
122003
6270507
52592
60490303
355388495
61340878820280
584
8869
846143
46011743
74933
98789
31555
9304
54
989175
4333998208
4468233
37537580
78
25622
532493281
5146
511536
8622
10
7819890500501
650240871347
8990973664293
7655986
214509
76293
7616
1483020
23
50107
3257688
61350
6979256141
583435
5587686
90870343373113
5384
6423050
80
22913
57832
7451803
3127128294
9544
528
797035
151201
679
8268120349
91809
993565
65272
59281
8973102
18785295
26984921
889680628
532008977488
299906
7080
2858
83560577402723
20814
936888
4425193
712
5341879090
917761
20077
18184488
686516040443
2475628
4132827182108
978
1304669104
29198
7423207652
6558938
31392734919
1672529
7851833
3065220
29729
73898
952
9957856
3511025706248
58191736
363401586
3137
8400544104
425387
4208
95598808643835
927
879
151
9348945
6214487
3653
499
736
793496
7682
7816611
9378
990884
8643245458732
121697537260
868360
59677
54656
5585
19688235
68706
903796
863622
456422
866662824201
3594005
96560
49385
4759604
52664
52418
869669
1567532
4711
393893147
73368
5147067
362
7596055571
34469
2
13717632
865
18451
1867
5735
3838
4730972
7218
6318
390343219271
58079
6841489
44121836
31080077689
898
7739855
8535408925
14501
7462
642906
249854
846780
205327
1487838026
90032555
1488
7722080487
32936
484533266996529
757468913
88781160
4105
53102304121665
789511322611
65
8382657
876484
65972284382657
744082528904
685
48414575
70345
89
1445
7262
277556
146922
6765939023
7990733
4893908
86419161
82123
969680
4656603
14992
652332185
53635
3526494
15612148
90275645297
7534197
632102
7562
1351
72351
65663
914965
287826
355119754784882
873087752173
52729
7031484600
13620359
785
5284604
7189
9637
555740649
1803
9850570947
164
3111577191050
40078
956754795268
917673
87037
92160
497115
1188
77257
7406686
97910
10419
67866939102
622
9734052
786565
86783
540774
110621
7999070
1356
55499
772686
9461450
93959
6205
6313832
4
4219657622824
255
35123045324
57954855
1086
950
800809
84
217
13442692
737779763
75179385
861021
430605
605716
4025452876
977
7020
3936431
17426
59286
4470
22120040858
537215
6173709
772153
388436965
9644398
2392990
73498
9972150
176
7084
78344397571350
4940186
23
982861166
33594114
9295691
2036669
7957882
946154145
758250
2129497294840
30210117731
8829
7415
7611
96155
2454122
38670
573139
6834812826
324634
113733
57391036
82
320078
6501
9662918950699046
678
324627
3438
1735
57488946
2517470075487
759188951444198
8309479929
567828
68540
4071
89418
47712
1610
8549173072
4628309
3651712310610
97880
257803
607834210
9840
2245296
1690
73513
1537
610
9369910
275528
3363327533
139819
95992015
1426459456196
4501
1752955268
58483
79863
2365
45701133269
1905775
48010840
311
84079
65046438790
761816915
90772649
197582
283083166042
8358116557903
891625
50
6262738
36
283588
48675
6058734
4347116428372
742507
45482079723
50
73146
72795164566
6264
9767229852
67
62395789667
39599
687897
886730070801
34
52069909
741932478484
974965
8065232
268939
31569
48
5755
1622377
39898271
3325
81846172569152
771204
3323867
4378
2374
6841
11132
333300
94704
2470545892
816
87762
17518
209710
27091188
5725
1271485
705817900
997
55203
360333
95849098
227023
785045
335
2229425
7040
2930
3674219
498943673
35366
21829
7968458770
6357
2951
69733
2201
27372
709144231394
402162
339646
128
611
985707706
266228079
349781763
56116915
43069
3560
8775
5724679
128799
493372569
78479
14740210325513
785
731358
49052
5869
6000
284806
18561
51692893178
329852
70452
98679
6914357
2207019
122788844
990745
83564377
542806
87260
779040
344
64808036
6403
6937506
795858
6120
4287854
420904
17921401
8484
891569
1645128772251
441868
28312
816433
34488
293630
38793
37666
3234398382100
501250
316
31416827
1739692737587690
29083940364
3873350
2731675609
3613
238167
63724
2904889
7949296326
86080846
8134613
17112
612569
910586714
83
96654
60455162200
750572
4628769
24406876
87162
66071098
8240
13197856524
8363910
3781061
23091617743
2199571
605234847
932274
2460581913560
531486
3575203
118582
184748176
19
1987647
2470025
79123
8
9206624
9390693003
75011283
1757
591816
965478
5766
76
5460670
84827
74627
5206
3334895
7980
613
2735592
58997626470
5443536
2636247516
537633
969002
7750975511697
28216
717512
52798
186212
874186
4232791543
39118
898653639
615129
14354309938
532273
8309
1152021
595484
95186889
9612
99
864564311610
154
182661
757596029792
785341280834
8460709422
93097
79
6096
6146
4567220
165
8553062
68447
172
4
85651
76756
479826
523508
503272
3417064
9331273431118
14733309734330
8612050
350843
3751
1859156941944040
396736050874
69798
457
53293
1713407265
8215315623
950684
8133
576491210512
63055
140112099
301180639393
85698478
93095747
6986911
8552
29107086
145403
327497
46894
62317527526
8722811
641251
6943721559
7620643593
20909
5516075
4779451
3318524908
172104
494898123449
1376262
643327
541368582825
502534651547
874615
7897529
218
2789514
6990731
45157
9261
6583199
134
440452
8403188
5955184
3915
588873805981
14493982
99331833
5251934
7758604813922
583639
736530
373582456
98569477
351118
6423
601577
74391538
43741
567
582918422496
38917
8089672867612618
4364
39876280958538
58604
73844560
26616
2453942
62207
1603915
159191
3293
3794763157
42737350844044
6852092749
2122
60200391608806
9230851698339
95958183878501
7250612
81371213005
92429511341
6824
3053
391
6192
1785298
59631
7500
572
138323910
938463257454
4891637
539565
77534
17832438606
966263
9679
67577
399
5815036
6606
129246823
576
6550194
641734
6666202
3200852
329202345
816938
28597
1819
304777
292989
1358241
3611133
324356
2023
51136
29
74743
37001
50653
423123091
6691
41482817046362
17272
24874500
644
417113673
9806343
121021
4455347
231854
4990940220316
35494916243384
69348206
8259120681
498884158150699
870037
45541204
2944248
550222
60408
2589847270393
5160767
97864
406480132
75860
6592
5468650
574553994
627843
182525931
62596
1926260758743
4889818851
9849
106145151
207
825153
608690
638
81825811527
8860766
161752878
845811
5918
79122
6301
79822
5006323
704125
270001444
66959586
234886
858
9538
33206
2243
1685993
2641935004386
95739
51481095779
4788
8756
97892
7360
515671
902464
17961827337
26523312775
5147760
99797083822796
542209
5976
659550
2584566
73526
7624447876
1181
62842
62123486
70
859
23606655
893
62275
4
7515732
2930282802819
21266336067
171
1517973
84906815708
1273398
400909
47276
7960746094
3458143
764659871419
352
87
64515708937052691
773999
2239121284040
89382
765955
27739
8
2273427
64140
268080
22555354
64465954917
7367991
959758257
5784178388476
2356455
24783
43
86365272802
6974708
569160
275
648
90854806938173097
69935
485741
31123
69403929375230
48325
86345
796
58115
6781
616728
3466
847888445541033
22144571
69270
393028177976
6183705
