314207
5885
9055249
9320220966
763758232
5179467
44467799
498495
834514461898
129162121
2764267825271
2040724061
14185436052480
68280855
3256180
7273
18553612757697
7552411
67592
69464776
5901827619967561
6480317
5857
82540115
3081
2764267825489
3613148993139
761643892414212
507987300
5105030944
358638
1179282
7929997521
65465
3914
36750546
6378508159639
2264927761
981759
64458849123
3744477
8310385
4229939276
283780
66846705
722492039407227
297988171470
5110
529
478
550565
262726307869
5029521
2645934
88358
83725673596
9355070349
98556623856170
234523
6967
541967
30486
43264
985017
3917
91450
76630171491
35395
424486
980613
80330
7561292622
166853874
7436281
58610708
70048
974677847
87200
677
106
454
63587
519
1600902
119777
9481
1908299914
321263665
313263063771
673337
34740
8028542
50985343
21602
67612
617448797727304
10174
6965844
10355
2444
87444
213999
888596801684489
344475
9051
8886762
24527047932
164570
37872411729
25877
481
25594728
425185699472
6340
98264
2664683
600614
194804
87680
672052399
73576
64084719079990
54085
64351
50478
34897317
862792
4243427
46
4779849601262
83
200392537195864
47530
6650
582167801321846
724
30
86540
105190
491364954
4128151
7138387
795230
43274
8108311391
62752783
394824
79778
38707
1340
731
650945
86
589
878748418982
262202
7338838
6685
760104
6957972
275512324177
47644395
90329
24169
781852134
48890162
4426197
1342
715213
46628408267
5000269
290777
980753
467980
16569
4878211
234888898
82017
3726227
265834
777702524282
52863
67873
889
5806543997
6364470
14033456935
5027230
208294
292
928077
82964
6073
2864490
67499
680463
991884
2101277
66
6164
69298896371
87677
50719277266084856
760786411
18046564
557424059
559918
400858912
89616098817
423882
13523520
605295
6331482860
21346457
95738983
98235
9289736
95516
44144376737383
87750278
43606023976
402587
57357338
929292
1952531
17326191
87882697662
5
5521016526
84636
385774513
2105232
4983826
151323
8286066014
76887
741388
27300
366
37223693548747
468
981057
8076458232
26347258983
8702915626447
7071
82046295674792
41949247945
81
22742854
3694
232475
15391
824269
33929
5830
22902
34066058
539
79555
7502966939757817
69464
346739
112206
12025917
309123
1870927
7851
78796
66344
5963034
8101754
678963381
8538
86161
91822659
393091
40224507
43941647425934
98440
296815377689
539340
67
7961
31672
56655249990
8906537833
627631
125022429740
66264674894
8197
7415996261
88436
388816004418979
284869
99546
7
452257489
57
21662
73490
769456652
12019
83197468
39204
243
97606241228
238141
6156
8305360
16213
9441166388871
385159
37
8287859416
92211
839936
45603045
30046
3507
4702635998
4071661
4444375
207190
984395796786749
10740167125199
46092
914777
530563754508
385574
401337
164576
398918
79833126
1896173
2202
80832330
3315
61724
4617518
929
4245
2099
921
854452722900
5458
785215
67465
786896
72375
1111
436666
830362
269
199139587214155
58894
599332172
50372538
618248
7879640900188
92346
19130505
6382495
6717
123650
133185449481
35751714
5088
4155
284963168
10121336
8475415
226520
64955
78777
28859151
442388
6765
7737
9083010
68942
71063
14501154
846
609
965635
175
73
452
824
94464
53425524398
927839
2255
5322395
92411
324
1914
4810049
66871
8196269784
374
7822
9061208598
28069
3818085
27860
1344610331
4796623
889
115
2777247
69981955
917893
43003
947973869
497
3477327
228546426
964889835445
2092278
8962432
43688
5531
9539745
3371
2774374
3214159659
10768647
3674746
180117774743
80200
32548820
9253525
35230591
64236
31265
2719223282289
2361
35
762817523307089
8658981144383
490856
2992
3772966
554212
1252928
98558518088317
2041772
18
50508
8336
2338269
6082
191514
1004614
127806
164217645976
3581757
2068229
700790
8860014425
2065406
2228
473624
72
8037508
9576
4288383659
72930
5484
235189089
389622
3065481
801
56463
60048477565232
8875356
712824
26360
9318661
174359092
939630
8532292210
603943
8800495
6026
7342174
31237
262288437139
989
5443921916910
299
32
235078801
95237
22876
990
67
9497
709778328
22124
134768870819
810902
967313
34943590
9724
323761590
350769692
333959794
30673607
3451898894
66991728370
1755
612494777
607429053
892957
38024
342443144
21118
7871369
4
66297
80216
35936
1728881177883
6591241
12671
41448643626238
51125
88123814
6874452
2650
85778
9909
67865049
26632908
690991996
33422548
55531
691579547
8018
26747
994
45045
37308
25979373872
7730164
55977467786535
4514035
3732293
7961
8925733700327
2419
81814
590
5811427638
679
68130
902668
8880333
40774
9301489959447
67768
14986
39345171
388734489
3431723817870
927220
147737
45667087
496389
97747713780
3402600
913204
54977
99563
84
4068
987052
9666871664
7896807
623929
38065220
645
66531160
50128
591117
7129180
6305003
19443090
962644
48036
7181530
1199
1563473345581
15
9093273062904
484244
622
986
10884
39994
65572591
3224
8596
267375
6115
25
54852
142455
9798
437155
901653654
796
312829797648
813606239
594
39137
64466
59449346
42433920138
6007526129
1071
4858
314215
9075
654
66564149
295
63623625219
17321332
8287034831562
58958
63576
377831
9626664423
3063129102
92633
695716
62740333
49275
25
5067218
33609646224231
467917
1733
237
858774637
820004
1608213976
858923
70178
52806
799790
679
65041
8941
7856
9838898
2572
939394565732
4270
1365
914783170133
1137829920670
79006886
5896198
92109882744612
1810240
87975226486322
6181180
8761847
57752597
79135025217929
60725027
5336718
9671910
6077
94
678262
8055
8768327696
39840
81374
1406515
7606
848065879350
431697191912725
42814
96989
23334
142137
5065964848
95181788323
75323953
9705836670486
9830272467
991509
15324
418576179
5326879
6808358
90863
85598
2914879847718
106166
969586
27514
66833
964
5891964985977
32255022
7119
9967
471467
78185
68203087
34
71375
4390
616
2959
4015436200
47847717280
190681887
136507
3127
809237878800
889
2906607724694
4193
5096689
4
68026
8503456
9424155976
44419479
5390319616
985356
1116440522
716778
771160
57239
5659
53674401914817
615214335
845975
17189
1900801235277711
190716
5738742
604278
152693
23595644103161
72824
775405966
451306
2182559
217712171
1090968
59931470441
83933
978052288
705
808133065
3170684
9530
7
2131
13504507
95881
811696
6278029
437504
133133
88455
22488
284619280
8352329
18
91070634218
49694
6781
4331
43553
50
1293503
908
6441
36
8316
24798
179540
69725227208851
411869
12285870
4620659147
516852
6980
496
516
2798
93
8818152307991646
40954
8718
431932
218
70174414675
7910044
22469
824303
45963020279
265149736718
77751742
48111
545177835143393
3046213
522427196
573485
89656
14679040
8438662
23901776
2542113
20089
790621
5491
769
4692240498523
4923575
118544
20
3931
420583480856954
14290
4987
18197
831144
7386
3196
31092975
3722289
265379
436768475161651
60076
6041541
516695
766
297116
7463680
6833
7449
308
42069605313644
857671114131
428629
396782
73438
19277
140497377
934580927440
3632
47260
695790
38222103939
2862
2267
1627010
42375069552690
8
1142
753391916378
9252235
3471628
5296
866809371
9268523651675
698
3875154
628598
5707272705484
73
64895722486
144275
7438
3281200
818666
2525394
752887
58703
6641780
7608
902284216
33254
306939
6587393706496
891595
96762060
7573708
255675
263313
8761475275144
915
7163974
1041631
9680892
9980
353378
992
239788
971
204
9618
1
8971308
151826
63877469163
3221188692
3732495
213407019816
1009
3959
424837
864422011
303940
1779
183572
894
64784855107378
19417
59395
2912552
6977558397567687
436420
609179
7435627066
6703995
9501
44945
770572
367282577950
21833
58341
586871526
7601273
319831769189
1038062
104
905304850
897399882022424
206178
80019
6395466
499
9250
3605053460
3247424212105453
9600537707488
9068
6859406
4438630
5460
20095938
24713950
31538
30984
543
672959
399582
7174070
500871241
87481166781
171458417233
20093054181
666551195
582
6775898
463
510397336
89567995
55850
208096
947
75516
30063
5390235882
4895
341976207483
61733834419
61992
438450
540765
3992526
1315549
5321
665091786906
4616739
5047
3256
