1408667113
582802
70208508462991
49528
7854208
76403
302598
27189
905
578906
19918
6810488118
74821762
890343
8611
629
45377392
97028
36755127
19133
641516145
802335
23198
6190050
8373666
99818185708
4805
8782188
835
7372
716850
1726655
194
41941
16791290343
6853
639
2102
87459
64360
8938
8566983
24525286839
427739
15
446154
48295827512
7516891054
1815326
16464
946054136
8108018716
122001
6208054
90
92815627472573570
220986012
39092534255
553
709836
767
4567
196096
93249
557
60682048985281
767682
16819684246234
74979440788744
41
90856416
134966554496
27785
90266
1551198483
140216227438
765232110
452686312072
21712
995903
9768091815
20801
5797468
822
9379
57255674
842
87429
39781510
57935
87967
2139
9367098356496577
213509
27853
5318902343
8809513462
804925
310402
829126
4725191
556421
79640
5737371
69640
17151
346
20885771
27420899
10593126
30684
698483
26444
45698
3972636
3492
897031419
9633253
53560
2598013881
673101
335723494094
2351
68793689
932
929943
29
357605260
14338
209384
2940844445565
4747551
4959
6935
7566
30023462598
31
3605
6463
89108
98974821835
1826
4706908
1297
1099
323313804090
57967
3365791071
69002
2309754
65634784451
771355629248
8846818
90581090
6050896
4679535557
6515
1214
3931557
4402185204
166132283
8073121037663
844618
629
345196
14431
971111799
795
7707380
8022992957
8090619
20367
812
5462724
331753
6363140
785
55573693942
8397429
14967371
9094809
9203716787415
8297146
8738
671787
5991074
7897
3130818765264
2442
44
206055170701315
712090
524265844
2038
95
1015687
2
68000
895
2522
234547063056
477668
21231801
95095615788208
8380
1613
1810679
32963664587281
895536097
626
8511
22319
99131
40493
63450984600
58
673193
494505133
444170
106481
433
602098482
9063
626242
1169
7832
4861
88253
57363865
95615674
6349794051
60624
574805
7729976
758691
308711245204
1114433053
1175
460000922
83800466
17215
573516
585984901
21185521
6354604862
74358569440791
56
9655353628488
868618
600211
511640392949
6426
59281
8394592004
243564
7942293
57497705847
25639976
32119
777621144497
37141841474302
526996325
1215390
25464
826990
35225643370
57814249115
561482768259
18133531029700
619694158718
29833
5385
7787
43400
3670815
7957583814809
2991384
121006
3822585872733
459
489374979
65729910494
309876340
86127401
3592
8736628
595080014
18771
3445485
807804
3497898
412856
41324733
67485
996
22515
1530798
50091465850
710116
6243626490
1676843
9858189948
4073723601
45
6029541
9
9770864
3696
365883536088793
77302
7849757802154
86
2640072866
492618635
458536
2141450
4784
724
678
7005124
277106167
560347089842
48588
2888
7572271
491322541
84959
57529
86619
239856
900
133
28645087921999
26211
9011372452
80944515
3240
9339047
828202
265158
7393
8949891849
36719
852249938
18
2171076343783
142
912
42387
843797700
4426
7005112613114316
36511
71081992
70553846
807097
517872107
574
432627957
748393
54612
9831
600076577
47691
11697516
146049
16641
21829
285819233
6678448
4124959
1125350162333
2877
236929
3579241170
96536307
8354196
604709094232
84095
178892326107950
38292
395713
4300702
601297
2914700
2392
75292
661226
789408
3
632894
49096
22838863002
5840
593471
43885
80349
989518182742
672
7157
181559
16987
4
1022
7697
67
4953823
6560
8539053
5148225
496113
89014
2591
865018
71224
49617739437
46197
32704718521610
102611027
284789916
5922815097548
467544
57671
138
4877180670664
40475842655128788
36879
45276
796938
570905
2882745
96498156129
400
568
79941
9772
2759
247
81955228724110015
765
97711
267212187164
571612
6514
711046
8596742
353
50
38857345
82135
86691154
208670894092
58872
122408
64996850
136910615
7203174
5439653
959345
6024
58512
245019
592730130710282
53472273
231706675001
1089891
5578757
48
43503
1704
8341684
380
641456
26710768894
11426844813
1579754162
9081038
129835
21984
6903219
555224
71
4246286
15348
40511169
84693750325
1577
335
483918537
6375
1963893
87238508999059
99231531
6271341
520923
1414
6317
483327
5440721
65513
2167
54833713518
9153369679492045
9
2746664420
824749239
6299725628988
4256601277194
731010
860
1436279437311
1301316
26031954
17623524
38095
733
448
38274311131
1802441
1815
8484743780
1523755
57556
782197714
708058
718
707910
1656521
862927645187
3857220
8706530
147320
994333
145430755521
269452754906
5664
3735891
82657
3268264
715
27840
3897248
85353
436520093282
8770
32088208133389
76943132837261
6030740
7315201
7551
371
5514530
3442848
6171
3408
88648539040
999391
6474
48792
62238070443
614992
5848740
31
99069
946617129
919
3537936594
472830
70328
74928
6100
52427
877955168
47888
38115478
3892540
103489751
74
3815
778554318
91848254
68000
265957025374
7506786
8321816
1978321
429
19
17684
61462
545127
5108954194
314898
64
75524
46082073
27969079686
45353
372627
474024
64774
50039100904061000
31955
25369
1601160172133
32913178941
825010178036
724957
3563244
91067508
419803241
255101818865314
46566
996
2682
649883
804107
196379
125260
5775
903910
551193
407224365008
562622566
595800502
3125123
922175024
10771
4024719573
8007
50299144
364079
34812670
907
962
895890624898540
316
66074556
5327
61166730
6033
4913857
3126244
7361
482
7358
55656894
77216991
3946969
3339747416523
418397033605974
423426239708
76315
397833
946
723010646
8068458095
3743737
8222723135709039
991536556
5886048850113
897918
6474236571
104185609
201637171520
70
83169470827772
7485239
50676
277840650698484
6281337
1892302
62365015
8833626
59430
218122
5797533
321852
898942709
20534
382176
4539495138
211332726
664200
776243
657908601251
3179717
226478
204
454280
945549
98746155560
88
6743
1073
6652719
102399
82828995482
165922
683217
72895560661
96507770
1243
81650407987806
23019
45317
80158904
678
84982
7429963476
672447
7345841294
5337
628573375
4902
259068
100467
31239
967084232897
650588
497037335249707
684906
3846
17726
96084
346338374
971856
76603
998000
998617
97961
210475543887569
6329596594
8211356
17042705
8177967
849
687112412756
69564
18459490
9042194
9930
395279
15306426242
7453
95704021494
991763
16621145
8959428607
1613
733
4639
89
669479621966
921
744748
4022534296617542
69927
4831637863
1
5645651
348915
588888
5214
8382036
34770
6673770
42583
304129206
8414763582
6773
72528
28089981541
67153
117994535
8018169277
29299365547610
42214
682534744078080
24423
75513
635644
1638146
90095
1635
702415
228643
6223959135
5605075
41844
259584
9341382166
2517109
707640448589
6445
530101158489297
559312313826440
23251
696535
83728
88559992645
99017302
6342
3538
94
3210
20642
109110
48557
69155
665
918957
71648488779
1316343
81444350459714620
7859417084001
4604
66569
772
3656008
60371
780521409
9866
664943
3560316
818737
817
81
287231916
6290720
848
166186062159
5028971825
8699
273254148
3616027266563
6836
958897
4571045
9384
419547
82944540
8654
787
4527528
81964
5097355
344785
48234610
378
539852
1764604
385014
91840
43655
643896081
4163687
488644
640
551684
4435
6241
2361217508
96341
22388369473
47028
5941961
5615157
371676
428877969192
6224306
590
495170768531125
55165868320
5999
8653166
5657118233
50768
8395222
10335
179991
51887180105
6822553
3141
981879
47
80
985375
260
2986246186
65529418040
252
1
235969944165
9230
1164628
58753
7811
21395
19592456986
380967
279312
54337305305
960664344
4129591
946739851
768480
909935530606
632779
74521581
9176764
889795
368802074
71498
188
9321362
631675
21606
487
3236
7516688
2100346331791
28676379
88914
3226807724
13508061213
42980
3786486
37
9432403
284
3
672184
360094
168807
3971
10561440606213
9431680
67
3501518
22183
9299909
842785
100695
8440987901562
641978
35749662
329132
4548594273
32817801
71
422
691856
75761
69
52422
90517
5863185872
461
9046563420
592001
2
92030035176131
768081404
1919673362385
454
132413136676
6375242
4196153934
3269
51694
434781
53865
9175399157
82
289359
97050
382903968584854
7683
9461911177
464109647288
709436
97903
8957
841926786620
12652797
58389056420
9879
9185314
5409421568619
98465967
292776540
529651
7993326
2706294078
2632785
94944
1246
60663
8910057889
70615
9589182
7613
8988
966159
9895049655
313671044404
9670188
5763893321766
46
490422
61301289
85730
963646235
51176527
116664
3733
3086755062
996118548
2885084781
45703
274539108
3389537759275
3136
5009306
2661987196
70578
167
13071728770301
3811
872552156
56
10162
58229
16
65191
6161
9987427
77781
872
7693816616
568355433553700
797268
9105
9622433
15435
42819577
6169
21
1982420514873
50694464034
92
291864449
605794
201725284
1605050
6138151
87929476
59845424116098
421755
770698021104
1685603207
921973414688838
51386338
97762
78463
511777904803
22827
2597
21753758457
2961691
4885
4673
44254
6434
2186
887985069343
1764157
147771
5740767954
8758790
334629
728414
5683
597
2526670
904003
66620
9207
6480
6578
8380256
30389
1238166
69518
98415550151548
790168934
11831548664
58157
60572
76
55128
5603377
14697
710
60798
79538477062418
7136
716449410694
6316173
48979
9645533
63489573
957
24476571581510
4648
8515075
98047
197089
45903
19325564436202
4620434083
60547780
6476633
257605
96775368
457
640335
1076239110867353
86251730
230850
41607
97421591
2643033
58655
416
478624346
830075
74717231
1656949
951573
46151665
45
778
85142
49263
3141383
39140
9585
12733097
7952727683123
18660
66460602556
4614631
661392
64925
86142582191801
19566
900359
19411975387421
169570
751157179486
2447
52152902
119
899181943265
52716125025
920935
585
30965475
518150
412765515
73655146119
9403543
4556
8615343
347117108
686577
571162
24986031
71967
140446738482
4917891
9923
352688759454
9261053
3188
253093
12902190430146
8900376175089
4376558310095595
36059055
8178266749
82784
776
67759
69003
344064120
85471277370359
4
5881885050
681745136679266
54
3585544
8298972
26
174
532975751
24339
80365571
242
272181688153
77115
9987
9072563
5339
2587686546705
151239
321982
144
14320104
3846504
5100
62063
87476
44019
5438268
33137
2915
3177209
236422609906
580451379
5263356
993960
9663422
6092212267
8052632
495826
9931736
31334
43816
220526700032
8188
4369
9904517930
940617
11006
816894
733181
58757
4414913867
62649
2714135
40419
449433
67220914
9429959433
2038509
16082256
5256109043714
54548
6431209056859
139594
41279
5783
832202
53785
20
596811
7848
31956
9287
32555
406383
374
489506
283991
812546902
830340
8885
732128
6658149475
3525
805959053
149132
7212228
845208
631639
881660
498346660
22064692
4201115
3224306
52844
3731448765
532
698735
434279
290
1906944
5126
94208835
200204
6309800093
85270
740
37721139960
8698556
1714929141246
441300
71143
307609431011
260
4595213
95008
485926
150
95012791944414
57955
8455
8748
563335
7767599855331
120582
86241
9851063
8402009
7095
6876485
76359
65550720
135
8218
35060445
1167899
65370614947
1070998
88
16932
970865552381
962083
23644423
307234070
6418604
579651
4195062
77802218089
667964
504941811
1557
291582668
757073
6
549075993
41280420554815
78699
582
18074
336530
21439
6207503
90652
16393996640941
6502
2013162
3
1792203
1343457
6018
555746
981538207846
24583
5751261
23477429
255183171241
3764
150049
8645957465
1172
382295
118171
7211
202453
7465612
19145366
13225
973
5955489985428
807
50847531
7311
86903689368768
5359703
89202561
10603
61570
6986322
55844639
12425968
61520977147
1306637
6758943
6202006
77875402
50556065
3887
81274259
71148
862810
230
67583313197
5996378867
26330
96090
4616254868
479049
7259527
66220041
18868006
9435924
80
65102159
3326
944
765678
56167
39046049501929
4299
937864589
96621
39589824
39456
655315
26149429
65516
69690641628
4521
584462050
9439881
70659367132
176675
468263
3585
791431261
9612
505
20374
55127916
865580
741
827297051
29525
45308807
82172801
633929
55313
38083587
72805796
8350405
629201579771
251265
3126
242968315
69652
315077
30
826994154
4453
3485602
188769
23978
6421
86586
56947
932153
3262762
5870198705
3570154
7013234
86532
4196
73539764805
592
32551032
14733
30987212885968
55087079
582589
992122
4862368336
71989
7072868
9138380671
35546
3314
215321
33648
1405243
62124
962654683018
43824
81980319883
8454
83176562
4042
19811
345247
1652574616
30575
7472661
4766265661
348
223084
242167567163
7605042
41187
1269
93547047
72990
2203172
463965837
387614431
182
8631994
37713768
12183
106459
52
58294
998
2906
26757
8792228
727
424
553194
9857
3690858040
878542944
1997046734640
8510025297
481
134
1102856
3154
6081932735
93066
298769369303
95
211
512
7237338
1012895318
67318
83776
5444
969202
546
7804
584283
145270
240947904
45692
8614
91781
3876275
932606
913
306048668
307642833
576938
132256305501
27661290383841
271
1737
29
60933791
63139
983694
489426
470
970967014744
512521955801
8625487
20879987
3268751
44604
964853800725201
256117
3183761
30633442
9264387965
2576
90126
6782640332
68658
7807
7730
799254
147
434465
2941
8853
4059388
694337
6497425
5391739
73403
815
3570864
50875843
797706097
978837859
77954386487
85417
625
61998
7985712
283187612693
216269
60633
57031
69043
2833829049
2003
7473333180119575
663
393002527
447033
623619
19947645761
484960582633
29
27906500
85363
5518393338
12358947
5200571437690
6624488
421194443302234
95351336
5346
6069585
69682242
72898
525527675
4366
23560
78871665
5937
3881191720
53039
143833
5973055272474643
810522
7725407
766
519511
7195446
333679
506145909528463
76549451
35841305405447
865932
757
6174371072242962
3581769926
14404
360
89479
80449
70337
1167901
316
90303414202
51681735569
182782
973587
787292306
550
6629734
6136289437
333504
72509
1212157533116
6822793
644
1419490
6212229
2562771
6859
502841866857489
466697
79719
3703
94309
14814808446
772345750
7952274
1193843
3208110
36054432414
990706
9993415
795467
9459439
902
49
5837
8973389
167939
383884
8752807598
196721
626
43
62817995
45551336
77876588
14291945923
359815446
13801397654
577
88656
11990263377
9159576700527
568002956
36074
2903757
9211612496885
36071
35269
48965
9395
538979
3883854451889
365031487
2759263
591214209
366101
550
1728124
681075
30436124
9805
211
3936025
10160531003
69346
876755
831
530
425612
180616
668212198883
918072
840633
99721742021
5473
1857
28151
384685289
9981792
17509
948449
228540188018
44206448
7595
7879568
568403
4013
5904
338614019
54539
8000147
4151798
2188537
6518
697947150117836
5060720
220679
581
5230
7568253
15733
4222356
875875411411
53578417
6580178
610
66548
428022520
14063851432
6292
5856841
7146600681
4221
2557
4614591
7249
7246022
34083143253458238
9457
6619900
195321
2716893933
57322548991679
80
52489957
33000144373
8
81521474929413
8392776484
41547387
604779
99068
6078
4461
5871991971
4333838
302389988028
7938183
880
8917884
3490411
8670020
31259666114116
24731353
69306
559639420038
185575261422
8152
53413
786557
81235
24523
981817055081557
70
98250
22
99176
58241980
55315
52902550554619
33937
684501
6757
769357
146963
16
97503935676
8422
11614895504204
115
86685069729
172037
550072868
868597
931879
409200805853194
687
8066
553971049743
12264
428728
914451098585
1101
80171
3599
9544751938297
2398879
6511027051
2075005
4655694936872
83
520604
3099835
94
86707609583
1
6534
7937792
69979
53462719183
582113
6697
47440035
2286876642169254
43969
95068443385
251
3263496
27026583762
35711353
2191284
226
238
85663
122254
704520
933948
217784253805
398007
44549
561096
30572804
66362701088
8846611
4470344
929920
95478
4876371235
77336698433
51214
416
3976410490845
5444001
9939006
9305
8267
9820787
139625233644676
628734
896
140097
691391
38994422388294
685548685
4222078
260517
29
41167
8468
971
458722
2707
8903717653242
817457
9420970
30913
1211
349
146
864916
71144
6866718
1769203
244102
94273
3917031
64739
480052841
482866164
8781506
577298114175
80598
59857
64
1321
82979
26230
97295199874
765292030685126
128
448703
44248343561
43332
80841496
64466
9962
32782
3012022
9512
39
53455258212969
63221245
2801671
3356668
791227
1494
862128
2888191
13512609360
668284566
140523
62384148
28628
70
685989
139357729
58552436
47488
60782
7802829
633
605209567
4994478
26722
59182266301
93060302
66183278477852
44
774581392230
42567
17
855645084
11685466772301
28824015
5332
8399
899233960
974208
1445
590
8402864
8838204
5730394704
647
5531
7477466645202
8555
57158
3437217
1106579798557
640126
3863854
5057387
891888028
9661
1
347206
53747
1594863368781
47068014661
4829
3283476
2086389626
1276657
698946
8903
73
354803363883
87026
3030672077
8035
772782
1722
383862
38174
82
468180
8819
43623
15472414121
356719818
81543624
2459187
5784743
98
37708
55673189669
985
10137999
4598
976219453342
4178595352
662554565050
25312
1712
90439
53551782
593
26194
1701666
254355
2619
4527873
8681371
39785
45520770
917646
313739
964
3309654
72685
5281
375796684303472
890064
157
7513
784036308
9841540
8718470
3078315902
3307
16380
480617
51640
9074217991724
19142
774517
62635
2813
8683289
7084
202580997
975821
2551
91
85701
7821562
480613
6171
7659040128483
839334385
8232826
9493
83686
5549092
461516
1203
647490375
4851984
68865857
5062
5058405342918092
517297
5622
818725
67949292481
336
5066524
69933
8043368627
541902622
48773553
87370035
644
2621035
10881
6
7490277
956706
8624173458
435309
72158
59764396021
813559
5572837
4232733
24487485
376747202922461
1274
7723
49269
5903163
1433941976256
216410276387
5087933
914700
505356
43700841630
930
455
5455016
5188435
407752
29947
570455
5686
75183
5053403412104
85654025
242184
3307053
11045184490
473672
111111952
74524
5804
617724
959275348124551
37
571542
76060
178270
5954
89304798
457391
45906
91463118313935
793908
22714
97083315510
8958825
1281878574133
907326
714021
64
8
559471
961983
315742525433
258515886670
821875
1770
13
329273992043
2201771
751
23
95709
6080806239
16390
87
582
5904
878022
251678299817
574714476
21271
182297545
12123748
91169
57
1150880442
714146213698
8177
9603477
104
939077160726
186268
6040477
726514070
9955694464670
1914
217785
21033649
6611424132
318301
94258
36856
79616
1035
4770070
9513684
69049164
568932
32741380101
56396
75406
86354
7189863
6659307438294
4556542
30579206
62613413
1955052
2072
5816
77743
19739137814
461001
65740
357
87304
2141891
486
97898
73390
78766401
9754469017205
9498354
6021
5238674
176981
37234877
228266
282287038
422112
5568
93240
74
953948
9150372
447379
2454
5129315
4017
521151
57736191
53824577840953
3982260
77129
559302079
169
692557301
19
899209291789
8842024
48585
9035397
244
3199
4974
67281200381
938129
508872351
97436530
5682021
90678365
66865
201
755785
5314
5452
1928420169044
431651529569733
200203977
301288506708264
408404
4343
37394
35300
6161
7303
687372000
904201
50186590
9043569437
59843
75
269783
36030
865795337
6415
640
498292
68011
6020453
926
353296990
651089218802
9373
629527
321532045
3681398007
28813594986
534739215
5463
452527369
25300802728672
3307
82905270
44951622
183625
205726
38554
39493529
85743813955
2
93532509
34417
50557
35767
5020
353314
710823183848
39025
644949
6752182
529629
80239667
403501
534396
5499
89537577
62
511730111
167594188848
9594604
175121219
764
90848
710
24600150
567071
230344340
775895270784
46088
3699894714892
29867081
756808
35183
42
581704
8159580
19557
9244869
498976914994
769
3679731
48511
88013
3541628
111464241144
525447
471797
268746
4688670
1366403562593
374346657492
43415193767772
445146624741509
5822
44409050095193
604672627
757405
483
64652
40324
280892
6338394
31466739484
34719119
6827229288090
6858704
7736
32088851
2122181587
6272701
731
807958847859
3781999209
3203652
256843
13162
5448
28041332
5921
589811
264522132
576101
31647
967393032
36218580099684
5554
3266703941982
870903
40771
8182229606
6804710911
2065549879
20883447
2262960
894845950
9758083
870840043
4213377223558
639466
67044543970
736830
78702
74527972
480507
273719060
5155
7039268978
7495
3475
32644533077072
201300901254
88597
2123743
77400527280
4963007
9393426525565
91825
428109
20249
279
3
4374
52419131
44744384
291551
30014
944964
286977
61269915865033
88175
62733
5770823289
809868
563426861
674665206
713
2825703
414372
865071373
7208
294
19496
330968
288886
346840
41
34090
84901
8607125
42921
34282
8236975368
523813
44081
723
9719239787962
17197
5935
970604022
9398223
7173
1767993
827602
114697405425
8211584
3385
51723
1489487170
56015743
12
5982480
211168
29970017552
8917
26442
97059
2140
2805
10874947720789
173314
621822355
194871
71276591
814697033283
234818
27273
48713
2058103
17181397909059885
6933
1207902
668814
5593
40185158
56733
7838928
210615706660
5908049744192
6664097
378395679884
964576
159724683934358
24491
9160772
77194564194
74932
8488276211468501
6268017964
2612488
30814027
34029
5306
229
266655
600904
8618701
7066464
23037
5241
92503395752379
38572941636
1901
63926698
378202055664
62053253421257
46517635
57500310079007
6524527176
855198
700794
744
2459725167
68330
7666
113504
31185
6676311
3175
1112531
832
442059
6449
76270
121910
348049
4313
70452
21877484134049
45
3444
5435871
46851
84838
98140
9937628608
391603
407612825684
9335022856230
2332291575237
99563
5381178
83346
69088
10418
2914440079494
577293
57613
73665
6750993
296
4078
858111
269395517837
20527716592
9739259
124526197211
6514622992239
2463
490
99801026
398977
583
272793
1866
838
64126
90
325
836500
20862
478581
3632058
1380452883
80979
2195004
81972623
737287389
53360258
676
2395395096180
65942
28375
2623
989
40422431808
12218
1387
47
836833669
58103
62
576965656
55613
82619
6594
908
20243527
963537
216923
43
204605305072124
16761
171604
49116283300
1319058892
5468
9792695
35
539828864
7489620
635
195
81653379
78
685977
11118
56723
6937590807
18899
33482045
97026
84581
88113182690617
3712347
764529017
9948304
89800
391428
622419
29539
405
91511
5887
77669
769
7518
5166441670356
494916812564858
7927
427198
5913559
536372046143
93754733384
46541769
159949
312929536426
61824
290397
82988
3166
510959160026541
927084
944242
816480802
774302187507
52
18
742749
779048
480542
458551752166
4073184
3097
852
867683695162705
231158
358777827
80183818822
5977055594
69681825612601
30323
2612659036
27308211
321808023814
12968035813390
32317
9510513
77816751
78576237384100
69289715812
7776
90102664
6071
142
770
299735
522092
772
859715832609
2609
6257635
4376668967172
7264409637
813546
93349590
66967
578353635
38467
74272
4420
91856
5551
215119911571168
749553
6176610
472374596641
2308833
2668865
35256699
8480630
9928795
9245
829837939994
90398231
747695461315
390196222
77944
9
356
88518
22
52403
28525865
11005
319243314362
19075929
967122
83745926
215745356826
109157345
88417952551
320069
47910
693864
807629
71814521
784
8229495685
99811679
18481
344363
2146298
52447
394223284527
73216568619449
5752
3461738
63632
16119628
1248
61517332689610
678
552414
981906
5958
446370667
56954
4561245
816310
1460
63499
1095040
1003082
3726
621
69
92358
362318186244
1
8928253
14174448960
287197
6303885
592
3456931
5778021151
393999293
845751715497
5418982
77169
85324
75514984
208304025891
94428642
68
2854821618
270500
10902
7305
1710463
99979
686
7522
2719258
677837
93364
49183621
7568791
23
10875570546
19
43338
65772
771
46987
8131528299484
948804
322813367
246905104032
42306207
961474
1988633
34360
3491
5723239
288472
72371
89
6403
156352988136953
130402
13323284
93413074
867
2450997
8603103
1954654
5367
1769371
722414
1481271703
47881678
528615
10011517772
3
1001363849
9097
262883
3555509
8830010167
4960
13666954622
2792
851679275852
2125816
38844
585458
97437
1756231
3562150
701569
12242042
678
2408339
80309
2750200843
96572
97258081
162610687774
434
127852
5585
1616
315455
531
1070121376
6884685
84688
460274882283482
55337831316
86589
6815351371
143346
1600593
59059
813505870868
22
506775
577950922397
69949424800
5773
2171361310192782
30000681267777
4361577
18402
778498497753556
1413
686282
6287649
311618
91056566
152499
9450735
75933539
9252
799082897142
5731807
11912430453265
2527326
573900
1073
1174
69680
1975
69
5639238
5541
684
151204077412
81773389
899
7836
247263467242
18504
9686892
4240573341558
739247061441399
74589407
8259424
46
3520014
414433
28900
44705
426876896530
11253
8884
36474
3788979
7230
328797730
156794
9639
52312
9952
68
14597503610
1122414
76
92520491151459
2594
7957
373048
3694025
99244009888231408
466196934161
177558212862
654297
902913
7593
79120
67724
42786
73
8178836
9623
63501543
2731
4712799656
34648
726716
1163
57
9055
32643038
44519264744191
43728
27847625437
9738386030
8521931
6903400
8698
709816181
147676731062
1926
9
131356
35798
3337487
33
4179
634
288514956396
7794
131
7127
7360
51148
99543
18414824886
43901
605161605
57635063
59913280409
52689374867
982240
680857
7338
5600
90559814356127
72264
52590110
4498
6982
61634
184769606156
195647
28355
5455
5222
7
808808
1883
94154869
712958
70
421138
7717525
60247413770
61719482
62650973
40611241
5236
10397
436516
7641678
6573
2617
9724
4950360169821
800206
3818851576
47782
151688
489719939957
98538
4044611
1984304
536506
20492026
686696
3342
333717520559
825651
625273
70488
4603
583799
35709062483
98812
285903746928230
5068
176524
6872815107
999012157525
2617
262338
4461
53196151
571968
71655
404659332
504819759
9657
7397
75192254
25
87298480976
65224390
6775
22244
6368
549
71404943
7406487924
26
32958728721
17093
22199713
1610855
21178
259060
95786
4843
552760
799064
13201594167706
156458
7328
5446705
56267
47446888456715
5439531
530958601
64572564
35576
4619
68635
7021425740864
874554866912444
76554398611357
26088030773
4623076978
12839145790363
174848
123536
6201
398151696277450
562234777214
564095613
604928223
78532
3676
6808224168671975
68472618
5601
57361067
9156819969315
83720
5936094953
159437
714164
386688699033
6224
82634
48642
906
110864121887797
38279274
5164
6405
64675197320
3306821
7429341
8007442
1462282544
97155
55339
6885281926
4075
494523
37640
19616777672
163818174
2630274
24785924
69
7415
51638
83910
84889441
8118
61604
4614
66240199823
7254950
616622
10262585
4223275
281339
6023147516
459441
6684026
16858372763
577458
58647
2893308
533156
4689473355
977245357
214856
30271
714674
9008577
373
42084
86597
160506
57545003197
1351
19940638
4402174223
6814580
8923781
506258
2958
687099008900
1049
748244732
404319
6209501
760861
3263876726996
560266
6151228
8543383
671283791
73565708
291490983
733995
20807
4554279
156139143423227
95413
22
4066207
37833
77046429079720
44
256064
620738
681137879
107475
668764
893415
193359
83823112087523
86986
104202
4775092784
3856
6786100
22576503
39251528412
76416
3653472732
734757
48
93639
3759016
427449
1844168247
6482725252
5409207756232
8333
692206
90528
654219
3004
703206
612017997
8250486389378
9530
5471
83554872040
3842082
5130237
41423
94294265224
3173
944007
814
42511789
688989
248
17160257
339262273
66642308
1592008675
56233628
8163
784179019838
689000
43533995737
7692194
631273
4337
5294
9850
4470758
130
584
940693
92
60309
65715
35179100
9225
1581495
7222166279
20888
10151
4532533
9544253
9115624
2240856822
66401
7528796
3983126
5711659218
2179019
4836125340
17434375121
80372047
3257573037
9081556
8114
5542581
5719698790851
537827
7931123
329949841967
17110955200
670304
631278
601362
2814490
2439
28491
61583
97209
6332781
2515
3584625
39706408123529
35450427
7895
7150
1594
46372
1847737934675185
5317595
459301358
8178838782
35521
165037306
2919173511769186
40144
593626
513104
883701062634976
40312078522
6064
33306
149227420777
2957
49599461495
427605
15192144
8711
39053
7959137
2362869
490500454
618651
851
38862
5396366
29492
1886615
72608
1241306530627
6
32546
984790
59828
5813031941108
283841
26074
41
3175465
96847505
51
179
1595122027024
33414290
9670425
27567089263393
3990194160933516
89515
45404
990723
970
5679461
205601
797406
47351
72
1487987
9
8121594
240
823961
280
7532621
7484
2995984
746056676
2343
7410052
3420216
57339648
40743176
2240917
9141823
9709
910999
90
203357606
4634061241
4820
139135
3764008520
1120748607
400977
54211
405914
24135
696262
90221
3641798
813969
32918722
1726
7695
252459
4915
9342
10
9508760901070
345289508341
176
32324
12984256446428
9554
208780720917337
721188
3
67
711873
26378
734
2431
813011
7597
820541459973
78397447262
5483622
633217
71819
35679053
659680
7362
841090
7495204
20450719788730
70898486243155
8125042378869
710
46347
7062
239205
84545
5084
8079761
88445
743911650
880974
902170664446057
84
5668042
364315807897
8405
54282
71068
3835
2688
698632632
6678151
4437734
51228854
435493
7712
8885
136
5526937741
997214
43444
855
372116
3183718
8780428
627
64932445
653
7145328
366340
10764
2006
385848
3281416
104219076
4749734421
18662121177
8894031576589
25534
514945856
5663167
96895
666568
7916175
514
17776
935954
364
6962655
8904
57054668
45
1729915123
8546
9088723
2481810
342144
560055
775
694
798374810
397
80352
57
3395712
7366657
147993
389708481197904
33827487
16151915
92642633
4107
5741354
97279
846
3710845739
5670187
98034210386
6645870
34390986791785
401176135
2144
10972181755
727857576838
8986
883546
19075
72235
5441056
6289804983
1376
40030
5676
808270
9042139
9020
88424
31383
48078120319
2418696398
345830896
125811848160
48059
662335887
556
6567756436
8029
190171
96999859
94934831
8532231
6309
3778
3603
280
25604
92658
53623
690885700308
8865022858
831157
7679824
3444526
990
10
1263
69282
805671271497
202
80585721618530
38116
10147130836
79648
6996913
1208523178006
93237367953
88339
8642676
811388063
296388
30914
45180091
980917
3081
68126982421
896592
94971
52302668890
3249976
7469
144
3315437
1202
3414067
132900
1061646
4405340
1536831
4854842
37579555987
650725
257647
70
681992151242
4995
17861
214788260
93
1832892166
715396
33751
468267131348740
204064
23691865
1487611
56363316600
83240
354634709
9375
19389
430757
80
6437
216
613162
1024
922073032237
103844
417028
864206562
1755
1206905
8084
736342
16138
7323
2276703836
39616893159
773011
1653
1037962
759874062
78393360923
36672062
1032
401368644
726167974188
92172919
682853
5477748561220
5441
63
9
852844022717
5611
450086798933411
340263067
2555916437513100
13438736
9319
4032
300
820
61199
7198885
5726163
520099993305
79519
2364519687
973439
7596
94603
92951093
2691
85867
3026
27241561085
139539
8559380
4113
63104902392572
26980
1078106693
689970823608
4537128987
6036
3733391087
32946357798
7762511
13075
879664
805217919723
2966627484653
6331
9596654
1673087
761
44947
4217330543
3766
886667
772383970693717
246922884394
794820536974
860474
433
443528
2443624486
86000
7078375614
241362531932
118627573486047
83697523
2634059
626224
7594095
66267
601570
667448405
5223294
45946075879673
1888790315
9932
220
2968877
52016
1725659
6939987
4081777643
42846
987839662
3307865658316
54823
4124532090561857
27054
53344
733563
29529201
50
34221
456
3447385
8603145
5414
575612664062
98394
760791
4191806
1776223374517002
6256
7498020
31078977
4728095
9560548
4528
691603
7049872
37589182
6038
520822037097
528034736
16575
89052
7801
7500
487077
81730991063916
3286
1461689
656128
1784
27473242
74919384
623585991816
63303
61484
9863364750
461623
372083896189
19888
4654061358
3216158
4592654105
17565
806052
4311782
679737274918
389
2348
565916
7965
543986232797
667
7259
16567639
9881088
999031
66692
718
3778
90167164877369
3605897133860
5512218
871703086
16563
796499
5306400
96009
8311486658492
328213
713934
903718894424
84
9655
848124
6866176
676881968076
74137130241158963
1837
9347
6869101489
6379
153412648935876
2472
68
129018
60900097556
1394
3299
3630449514
248
276316
577531
10
9379888
804
174
97124
2244966
3142
4290
8952
2710
2464
39554650
949468
388331116
83
1658655
66224435772
54192174
8769785741
1176497
8207
246622
88721
83934513537539
275550
38572
83690
178366866
299547
42573114
817096
6664
2327692257
280304
93884
14
294689995757
1
3984197
6141746889
116830
83162
663853
2746131587
908599058
7703061
612952
7678417907
2396284
90545745
1155663
78
844992490876
2548995
914428
6285719
65096
696822
80962485361
25
597
8396423
53613
8999302
60
3670008006
21622
910665
39576
3502077
82448
382
9227851746486
681423
7
64769373864
94971
83402212
145413
96161
564
930
60095780119
30428545460636
302626
4877406669
896
426435
507216837920
1489911
3527277
859
8045166168833
19
2932221
9365393
82498
29088
355896
8792
149210823022
218424
93
29919
71515
576461
4416680
47417927
6186
515938833895
13228
931605
7365
73360
197483979
5666929
4620
32912
33511117
84619289
720369305232
282
4589477
73425
150164912
6409583875
60739101
743
1865782532
973223
802908770892
6798
41098
5254717351362
718413
31114
1856080872
59104
246323
3760716
2969
3365777809763
8729116408086
54908
1584
1566
6412
48786
510777
7713
15
84885402216343
897749
36376823
65964080501519
31606
934548
351053
796303654
33386
98517284
599
45224864025
87661
1701479991
9813777995
534277
806088
9354933
91298785
14432513092
74278357
1556
86763
9375742970
8899142
97607
206007
651308955620
7959894344972
56124
9957397
193852560
3244975
4986040
862503
897275993503
49257
604001667713
35624
89773917
874616
227960
586
52233
23531
18095550
4659
44164
287300998
77455096535365
5569139
86384153386
97628269
1555950
98229
1735392
391133
39119
16442837
6893679398241
25681
47446
8512349060
391453934510445
6694
491550
355950
83623604
6810
75372
10838
34889352
71920436
787956775131
992023498
4480434375
685
856075
70945
930
6001640432
79097152
348714
396070070379492
806745039
20
7356079
2262850
201
4821562420
861362
6660341398
5725
9390591741
48938
880519
5988
21998
4345275
5611
9730
16460636
251495272
518376
369221509933
3590
4583
28025
3791569808
33754
9285331
3900284024876
270729
9383
8006445221
71420098800
76663
344325610
5172
4328
2454
5391559622598
73608904
322
238846663104
869874
79365840
1583236520977563
36150
96751
2055137844462
962510233
6946580171444
9564372
5671427957170
3682412
743569236612
693
424079
6996116
376286712301
82418189
27
98532001
264878
5777764101774
308622
558251
567470350
74116
409048
22492543771
3148
421704
1924829
3991
570986
213
798
42912821
27742
52291
68131
632870
251964
80630173322
89
6589417078957867
277994
74
4272110609
25413
23864080
172
6871
58261573849708
7265452
70417
5203037682
9617082
7680
853159686763017
74261770
69801
6147624
51702134244
533
77168
687108
69283668
74965
886
448
331121
9638854528
51453
40911
150595906987
99805167546483
829271
5615654
51482
19476505
7289144642734
85158196
287142
137975462
3890
78877294828
64977004
3452395007
23956
562708903
50
78271
19559
73258565567
54208154386737
3143658
86334
826769
85015612
3551
100440
6457745
4702781456536
706875
1658845
957036212428
70886674
44080848388
648032
2
849293619113542
896464178850280
625199
77709
9559793
259
16855
380307489
74216938
8111
6900415429
611030
4276160131
36379735870
3741909703
518779
849983
909981
15867367
97681
9272965456
6428174898
3884955
97481770209
61529
6600228026
4017418705146
22848
685866
9630
709722
81370
72687
924226454
6354818455544
194189783
3263351
470994
5178580
2609
9
2746
48435515606
4569821
56530
326624
4978
267824
237260
49047
39005
50854571300
555171704915
30783
330
624384367
4791449
21303
6040
6106126
9318
87092
7841642794
408316
154319
892
27061811641
2298219
1694
71065506763177
945
3261276
4730688
731
3
8581582
46161612
89622
9711
8558764260109
1099369
13727630
29188
148723
823179243
8422062963
553635
539
440
955621
781853
721884089995
7591725234
996
29239619
5686617
4799
391644
5895557519
2689
6659908
98662
333
226255
730629
598
20001
81869225409
203638
3922552057
6490991163
497127078
7977
6406060527
2497
3096
80591981223676
94316644246
252273
9863
4039
39625
3082694504200
878622
733598
28927
933915
348517730955
6207019084
79439
50124
25027611117
546421748
100720
777442
749073
948204
3068150
77215930740947
4568
53872
2664653
625103
97818
461970
507218376081
610691
8359
7135669
622718
886158
52399059
89635
331983
54799795888584
932767
8786723
989
27698
1490087615
2332
647
1833338
277275138
187462608
453515979
3120342286
780342711371275
756729
5080269203363
58887105788316
8303810
1027470984755
88746
36299
634906
22075
777225596221
62636
15196
682566
954746270953
221686
3164
3389774
471414074
87214
371196990256
558
72517625
30129845041286
8889454668
985973356531
8767790355
66959
864
5178
31936
40990
59302590400
119216
40925276535
733224
74889899
413736
753
1913186
9634177779
410224
491684
373452426
3136
10707
63946053864779
3786220
48312640041
96912
735430
612439662
2
8794
448
6318202481
622109
891
61536688
3083287
24034044
95018804
1924
4299738
466
74687836306565423
456795
530456
657764
42557266
224988
9060268
7790327
575665806655583
2190
187687
8313
4590372
23915
424419
39147285
965639658
859698393435730
989149007213143
3108222
27171
303194814
2228567
56
6168
566
810675
350334511865
1173221536
9681
3638901
41368155
695
8964
7957
9326983036
7483
327889
35524
39869
464
595344
530673911050363
6437
419700
7174661
1929393509397
77995
2207399
323029986219
2686281
581934
27068663544
3921
3877688
2235
483347
151
21
1155
93841
7700721
8249206
174249
20
9517632
47667
45
58801
3495
115230
7179
111014
84075
724174482
64
4494
9298611
3040072903
525814
81127772
8389647
419460
72282501
865
973605
727080845694
3857926
6942
142204
96068760
491642599
9837
5882
8301
5926542
15389
75644601
875
11546732
8924
2950364
36271
5034019
906887271898
96739505682012
71529227
8690101
62523
16728
56
49185
61352567
39580574
2444065
1
3855112554812
91
9812
91331940
6582629
67216
99605164204
44337
875341734
9161412
4418497
45361089010
5791240
9871695
91462
6174260863094
364372
15270576661
673949030657
83936
57052
891507
41
9818
45933139856
4683
99627692
46149
65344
95164
169316417112
48228618619
431551
5665
8096241191141
64626
702833162
840508
77700374
7
155907
30416320730
63448
7889276
12157640
1702
4431403905902399
69117314
16153
486128
1631181707
7
353
49156
80605
9014
2655757
79132
610
8933522863
111
96187
12346058
579956
7633760076
372
6553
865116
1638575011962
222
936437
9473173404675
8868126
1633
120212855561
83989502061
6573726
6516206
903244476
226210
52882161395
686781
760371
944
522750979286
10241
65871997613
74390499366
486972294
26500
6932404131
635051
663669
8747
3031081496
3491
2483245776
89311
4211608622
1699483
2985
955045
17574
3817
120
80985419
35803
81626
16575219
471812158663
93782879
611
8879484
9591
116322
5607453
3187106373
3998
393238644
3780748
665169449
4889
93695206334
11107292355
76716
9597768
805
65752949687
1491051
309144
129081
1179
68854
12323614871997
80438057
243271
89
7621
3485186
776533
12931
9157
5509
37105130857
139
9651996
889957
13792
422104
62360
3364655
674048
3
1446
5946
5430
221394206
17185
67059936723722
4479
2616
5473427239267
97
3032148987417
6557304888386
5533058
7335270
6432523
86051
244638
921577026
718029
242109
862767
62
169989363
28467890649
5840
449
4751601
8441934051
588359514285934
947499
319033
876
406062
2786345253
742046826
156868
5644182158
65371
8974
73012
29900
64
581
6350518
3940
6751970599
4694493
599415
245565872579
419298892
3957
523930
2166
84350969
1330
561373
7473
927
26144
58608
6884918475
479311731046
50966
52072
284
3693
42745987
979459
6148626066626223
772382638
97105
21
5515818
998603
7799076599
44807
929155763863
7754658
4150663
1872992164
720
61
8879632
136213889282
43440
365878703
381638
252
86315
2613202229679
65
370985
689
73101
121543866687701
46303988417
37359088823081
1824
7503
784732578
55051
27993
7294421
986628
856
408248
21634
489616977
238298
22362818848
7392
678622
198476
9016571
6397741
87467
52216319
3303746138
10839416583
934148
73
1018366
437
575257
735973
6689
42546
884961958
7448
4842069
7405822
98752899
11
68853529
93660
608
549022230
4038
278204
917332639920
922369517
3090265
2259422
917876051
780
262
13539593245897
9583
1068
907234
1413006
5703129
16440639494219
435492971
6958696
520813735005
56970
526
79733521855316
61205
38
856241820
3169219
1924242
4345298
6164549182902
9570
5909025395
253173678
8628
42089910
364516865
33382
799398
8166675
88800
99783808
49243254
15
936409619010
311984813651057
7326
983477
986517414
131477795
5215
9322682
755160660519529
2714941
136273
570817
64620
8511
385
4225912739
75839115553370
816776419
402430
3514653130
6980129630
676488963329
237
5502721585
21048960
5752319
113913
13967
556033254492
2369935
521543
8464309505
544711
156
3672762
5628534704204
32587
71658
59547
8529
132441
27780
98374
32170855207
809932
81
20361810059991477
1898260440
260483
613948090433
418189
99143986
21852474762
8163948052
6749323
24358921981825
7898458
646981
84800764210045
9883014229
4593193
16576
300705
3093820
8437
649394
329234
4819402
9486232
6644389642
4590791572484
6495920811
933
539865
82598286
599537687574
35227
92412
113524
1103046641
5592857715
531088975
35048
44
6743461345873
85110
5784
86002
7069837444402055
22299
2668464
34276437786787
999048072
78056
2347567
429329882178241
5736779
7483
7836427
45652453923
4980
70788
2244
9708439
94322
419021
160
33257
790
8738
17805410032
21701
15462232
234177624654
31690
8390
4508269545
129198291
7968204857
728380
49186
100149
282648133303
7201172119
7415
7465
4555404
1902549
2970
8201597091649
149
3897
3023564977
2675040
77961
70550
95304
1826667618
618
61266
1287707036
385
660446
93542794
152
987140
6296
541692
880
8871947
8394843003857
725651
27086
50489
1060102
400922
59350
71802481
785081
892990080
700102592
17268042208
4948
3840
4706
6027
8884024
950
4433065
65588147
938887081
31960
99984
69
757372
5065563
3194697
4423467486
7384
83177102
372
54667
940
915909720649595
809323
9000356
420
703
76578
314762
9989
33
17187540
7406635
1957
186624721976068
51702
330708878659
2693
209528926
292965
14177626
9953940532
7262007
54155092378
4107938460
8418259
2540031
2847277
26462
6060
835282475
667661
670745604329
90924075087
419220922
6463854
851684
65913
183
85905803
45034
97959530836
57354642851
97102
5535274
133333
3
58017281245
18824179176
30391350933
9
82393
790692963572021
618771
6486012422
779265
41120029674
14
1093907
384
5495338
967545697
89514
8285293
995871222955
86636
350389
2171
7481133
47389
13344
859
48460
17063112
921
395301
670507885476
85163787
7505011140
6636
8841491190
32
9373
2263
852447
62897334396015064
9536414812558
70
357263
2059273326
150735
5962592
2381
382971385
229003
7521
4225
258536
358653
2957384
4082955173
8090
38239145047522
5946118
8304
5817108
20353
8518054
7069
24590086
19638
59159647103963
36838796155
53257
183576
55267
1577138
83114
8050171
93614
690191
47541238396
1025537
164882980658
698752
495068
7442563288691
234624227205007
8197637713
581150
487
8933737
89
104
361904
170164
9432256457
795172
289579567
895286466
79015027
4401
260181793
9779
6090
4855370
45884
888357443553
4765
905393
5730406
88
10049
1886294168625
13711483
4361
5669360
277126360
9863472
7834800
1640042
911474
570469
683
48
7722126
6110
32449776994250
474
73232199060663
2038163
6329
55459345
32622
66018
7794288
77707681862024
70204
556293
70130297524
9
820607826
257
10607
6297
6313377
9764
21523
552111966696091
835626
31056
62999
92402
9325
51656
1412771
936576
43
96
772
896511578743370
654511566107
696017
1389
964402065
9428
769130350
39839
22
53599
273794
7943
12909
4702
2894535
45807
448710
383
41
42936
529723693
453673
808728
4070761
168882
10409195
38513
24637
8962452
1297053516
74171
34653
2192970513
8696077
8745982
6204455
982029
7827189
86271058958874724
77
1612431226
269912
768119
104135
23
706
229371
4866
3293475
665909
17250
17019
9338
17267
8436
881210
8285
5346
89992
235816
9723
86797361571
4535824250478
53
18628
66044
964835448
938005
5255747741
3420072567509
1860816338136
9472
2711037032958
537873326
9169887295
91
62
144767798
8835
1985738
2663097314
471613
448980
9011
35742
39016
1248280
30723
54998
640833070211
123190881781218
384270
7623157
2669495
9664897089855
42000
587741218927977
406965
20135
210
375012
91849
381905547
96389
858405
93624329
5291095
71798904
29067
92
90704
330372876769558
1571649
45431962
6
29058470
3110936
237662
74987
51684371
570
92542
85374509533
7952677
139528
244509481971
6362
9641
513982423
45799
2740419288
20877475
3517427
6859610857
5251999
519147
59759
610495110
29792
72
7580371510
6707939053
3191991
6214002
824581627478
2180575
85139440
6678
7264930
37931271
701057
23888
4433
912258
959918
5097848102
4365
398166360
286722653
887427713895
17321694601
358058
5208727
72373963253
874257705
12
789
8091
5123570
32860
155744
389779233605
272310694201224
25047
65003797095
59197625284
2519
605
399778
280109079
39801960
6906331461307
8808
15099
3334415463
15443
908893101
973116130
422482
587897
1729703
9188956
581502595497063
26531816
616886363064
324
54153
49527704532
77576
307499
875
175793
846844
86892
357067
789282
6339
1828439512
94329
4467318
93457
62923
44659282972
4207
94593436097133
783344
8780
90250
70300653
125570247
78462253853
341101
637170
9808968
7998369341375
329216110
55988
6144049
5790
4860242508
41348
9834
98206826796275
6251
312330393
9842062454940
21043226186
99244715
3512
1358
6687
411772419994250
681893335
6854698359
716691
73101
737410
8372
66287
61256673
167868
9206518
79836
6790282751
99342786895
877396569536685
335579
8804
276246
9497196691
3325941943
52933551
32965
686001728361732
412238
68470
4728
1794038
19181158
954500486442
6189
30
180149700
76949
519275
1608843138194895
89914
651549976
48349
3295
16542124877
381096975
3462105394586
6449
28644746344664783
71499
8616
452217
92298
5094
88548276372
1815104
995249
223093636
5797
48
98592
856973188
90902844
17760504478
334793363
33178723
12522
873
60222
19381720375
880
9774164972
42320665
456100
279
36275
818
9995337
8539
6788
665688
60413404
804512904064145
6768089
642173
2550
3811392631
44918
263013274
40114380
628100
98324
698634247759
67895
428491682355
670580
9429735
81695783
996427
3759951
165
403484
95888
860888
72510
23131644715
489794
7984359
7373268106
2780
770507
3356
569122
155173
6817016
116731
14108
566130899145
52206
2456724
8238836
95862287064068
480642
8447005
1196508
28519409
4712697477
73025
6309889
88535949211
71051987
12456123055
68663
7733802
26146
174966
1489574530
8130001178
649074
837
83663
556409
228437049338101
76869218593
93947
6771
726006
315045529
489745
63
41229
79
8282623
865774132038
9197
58693623
2732605507
369434
8684613
499661
13762351784
796026
4739
1589
528123
72279742
107413
302
55488200376
81877072
29607241053594728
42486
369952
93243
98506807694
4909
944124
3073380358
654130
8088736
77369
705275
4300
5347474853
87
34015
754618924076
89878
9435
67100209440474
9098
1093983430456
6051233127
6
56620
93594
478441835091716
1442611
792717481
71
6970
22850034194
703611154
58637
4584709
723
69221520795
936348
1996372
2558745
368340536
995050
8253
6371682
2465760
584156
21849346
66
3848634211
215767324
253108714243
9068861
491
629532
39832
407755
845605510808
476269538
439799
32103
847606001
1408431
42908475
40824136
22495
750041
7955
759810
53353
9143649542
51296210
680822
185
3225
23482777943
6346123
877882
46434607966130
813684099
848416525
1406255
75069
8481210963
418869
30492932253
22459642
17792750319054
129787
430507
10216890
12985
2275
79649
834022
3852
9036500
66778960542
56740
4532003
722123
76805
4288326
693279
52359967200
662623
2779572612546
45633173
36010292687
478019
86980325
9507985
788205600
45290
739786454
4665238236763
86887
9511194619282
8821872995546
73026
932
563211
78636689
3874
6375373
43017
83677
1
82743
9384716
3210
6781079
4033721
5579335
6964837155
53442
73470
8032
173438168181
803374142
632901
34097
121113362394766
7931089
786412
5499
9930
8851340792
8661313258
8462287
31834
21418
6187096686815
904853
2491835
1567
149950
392934
445684
74445016353592
53235164
12764
14436346
882681427951414
62365586
134
323228070008015
7678
1969
5737612
46317
880025
185785624044
74443101
91701
1259
29
1823870380527
2937071
22987
6092
8410454
733261292938
5856
5154193
512791
543588
213266
167
226057385
88365
26
655917
3368640638
336438565420
1730805
1507529602236
12563
13707711861620
3176328
856
61552184578
459
91769413157639
459
16608206
38028033720
7740303
365
639365
50352378634236
1580
6032
37439
7644853
70911
483
2663766029
60885264
8060698
774230
4
7321668
474643
280172680260
1104873
887206
323
8264685
177581
60830389
790
56784082
11405
1027938
709969
78397
3744194125
3875383
2700039
673
196
39704955
357335
2993
5246264
6366700
50
508373
9684896
57498
197123
13528467652
3833
824859
891434707835
4271052353
624244407
72
7613910
1274139
38844202
459202726529429
622839
94029801
56428
351172
783982629372
724845
6163844056
721643
607162
35414034237479
567826134
71
19648
57036231247011
56
53808
1997223
6439
56564
55394
2182784
41082
174522
134826
60044673264076
3891831050
317164546
402908861
8
6757
3984961
758
8709109051886
6915
82300
40
3336
4351
160
2156
3785
7587
283
35484
934465
695
34805
674570
387354260709
35989
312
29591
6995
8290503
1894289
4978
262331605929
37763474
17470
544394
3863526703
40720
22
7027494
521075
5343176816
8841963
4761894
136
2
55045570418
47279751051539
1261140234
226015
73
32036
9730925054706
8636
79369844517
95354
5727442941
4040571
4861160284008
50376470543861
8722
8486
5744
5932373
43669061455
695057
799878765
631567
40721
77740314005
720514
8400280
5951140
5632534281
92817
4114137055489
474893
5645
141436
5674682
7716
2639
830371384561188
79810
1177
239530
577177
8387762879
1000702432222
33483621555
750610
637272
1502228
6386573
2891405
22
380529
75438
2474278
904179
99
958923
19077960
278186963
95735
612
18640
487
605204
6673612
9110572108294
909894130
28650
25
36967
1107650
306015625
29930
566962170
7027
6377887575187
9380445
307018
9096688
218387
879986
9115563
7609
52036
821400
5261393
255834
53276314104706
38810
119982
902019595
318488
84353
767868
80275
1508
322549
43549
81489
51891
52620
231108912297896
87279109311
194
6348242
398
636096
908
5770511
84773312
5629
11383
99688
8570475453672
76029
4511887
77723
21696814
119339
16715
6494505712617
6684
1480
8086
5334369
880508
6400706420507
41576678330570
4503612223
433539
40729612275833
91372212585477
69416
7642374
70034356
372139
2523
1980
532283
5876
8871379
3966
886276
7894547954
14725
83181
4403586571704
309647
3639865
7678
19406489259
37125
463022716609
23008630
47891
456
739
80108
65246481919
78374
2673826236
6826884398
6946754
7046714090230838
96402348
244341
2398
35226528844
62036
99039
53546587076173769
17161952168
5249767110
84179
54281
361882
9132
5361526
277458209649
20035
163601109
4871
111400
34
3957099
4678
7011995323
8490
6124846408
371250
699070
94842
3948956
7163103194198
250162430
94183
9784838
3634342
396838034654882
128605
428354519469
95879606957
839
85040301186165
7370373
44339
1854
48657
897310
1607554
14414
103633
4040607393
216576
8073999
887005770190
415635025
49677729
955140956390
15923
8637177
773
7196790
9094662005569
6664
983
118842
8927813453270
761552
90092494
6699
8
3366
81027416116622
207824
705
368
53439
5993
2828
5340
9348
87079
870707
8967
32
284
86210295379
78889
7049551
427352
15
73
254980
7414411
2080
7903599
579438
3999445196
18192
74916042183383
43862750
4987354
681272124
6334831
977748
675870488
381220
601477
61394515
2823866
93
40113631
972091
3
28811681560300
448843
6293
9401701
2197284
133217
58083
7470
3889
6415725942
852518
176
811
600908250
9541907676
930986
7137793272451
525780
8527274
2087004
940824
853184
2290935
6858042
9238
55384
5883530782
6601526
8946641176
67121757158056
839520
66
10572337177110
53122
6988835
37809850887
7785538
720293
2806464160
882747
54716653
35819
3631951
89372
84788250866537
333257
119995256023
7077651
918958
2449
51874
285
8798854
789740822838
8702823
662973637
731036326178
31151612521
658206621
67162954
9753
31824
8543002
26837
9232
359791
76068
58282685
1927602507353
816802
179047
7204
812
8045313324501
3525066
430186
17014
3822591
421574
75
736762051522
7004539
31115
55
7065
8
62903766328
31
348
2989
11023191239
94388179814
501413953
8556
75021
4028498
493
170224987820
9356171
8337368
586
68576253794
51444
277363
383
618
7521
87033475661695935
25684
685
1796710147
9239789653
260978
9578
593263005
12936
2343681
14702
542
89185846
292685098
371
9410
9163
3715523
8422
8668706664416
49573106
774475879
252159943
83950582530
11385
408677
30347790610
553
8453603532
57207
312
12719
688370
61489
64001
815829
420824
43
64823158
4512098
713106
819095
712329395352
8331377
638861
260
7
66014
5038
110065
480
59125
6092
859816
3126117
1020933
88
791107
7279937
292
360636694702
55103877629
9460139
84290
7175789
72360
17814
1705774934
556393
5783
53956
71481
8163949413
56714321128524
4464
444945
37310589
6451
80738
28717558
90407048
49865590440468427
32058
387084
9739288
66593
8570669709
202057
9301491668
182688232
911043254
5965923
5595
7543
2277
10000628
899792
7694
99086
4227807
994735
790077
5253043491
388119
97667
869825080
7
8600
78424012
453154
274443
9792100
5128
487878
42300536
2984805250
5276
13
27507956462
174145
317073
1560
435516
42967
75194
661781904
72321
7620543
94415089548
7845809
92
528022
90
873883838591104
74443264
733999
97789
379
14007
7322326
27904803451
418
73618
211902117059565
130
203987
2601
9820
36177093489306
9442
93320512
47519
36089253296
973826117
227
26396588369
34562497
1028
2540336064015
90776402
294179
69655961464789
601149199240
5139587
97138347
233
20939753201
677
7023850
7480648
46452
45906804
7237007
38726649907356
1892
86251
961960
201014
713321
99
3833857
221862
954313
98278974396
60214
3125
420201
364213539246276
8976650
27674
1352318
21817
94
57977
7368458
557734
580077
75947
953
6252876377749198
4669104
66379
918007198609
81192904
3847
82814
86626614
36327
934689
479341261386870
27916482
9288
3136
167825
884088
68707574
438
947556
29
197082
16959
28845011
57085
592547
50827726972445
17625
9
177141
7830211394310
109477
79944
47223
1045
138408
88675009
776607
61444
883000
5222
9536
84775
22128716888427
53
1947
456120
6855860
471204
655459570
1265
8445
6782
91770227031
77941
73338346
5742
922072544206
9944262127
13
983386203825183
9245522358
5594
932607
63691
393628
4186795
298725
404
54607102
25
39182032
65992605
276100
6
9454
47810955063145
8742508709620
540267
16804
9352389443
92188300
172464409690227
592095
900230693
3287
252472
3492193900542
37058509
8101669
596030
2239833
6146120083
34404024
23
324086
638582
50114
36152721596
6500
85444
105
57166
88667165850
62577352
846468745259
277845
9423
28853
116691
9353849
2136778
1145
535
5887
183
4969773228
611646
260048
27726466
486740926426
660
7131671
3081
17341
3489569309
5253262159
27588549
8364900043
23895563
444551260
229299
537025817
9973
59754462
53200251
812551607
849430
845158775228
62926389088258
521612879
65261
781833158
4701320445
441376
8609419634
3350
7048393
34436
126462269416
66045190
44943681
77761
553
98
4940748
36143
31825
6
9452231
1169
777304
47063
3402378
94286846
844947264814
219736
21019918636
5232198
32931278
44631
850490205
4696
86021316120
7437
81
6528546527
632779
63734
50585274
90869587
48880
672
73374
137549
846167
96981423393860
114058551
489189
66165
159771
398749
469654845400
949780
191655
206233
856889
7509
527131
745378
694
25042588915835
37530136226
314373653
30662
8252380
116015039335
793321
516256
21
597754
634974844
1342701
645
5068
347585571334382
8909
17161
85098846
371775
9809381587825
3541
4216
6831138471135535
983205
19722327146
573106519
92619
942673843243558
7283683
60111
73858868652
731251
8737979
7859655
295637528
99189930132
7241140
798877
774710344460
3053645818
50377064
3585939557
94486
22905572
91
36228
7954531
177331
213641413
239453
62985
88836
564782249775
684423
7357
863527
508775
143470712516
76980900
89990843003
7
2114
7891
48028
665576
78912570529362550
6144972
90138
4969930574
741264
2041719
742590
513068
921566415
751542
897925
6799711
842514678406
6175601635
7730218166
904033
11721
830177
189018
9412467
63967
6543
13743785
7717
777136782
47129
90194
3166162617519
360368
494896776
41060256
5113
4982
390595
55173
323578
8460
40240263
4471966
58296434334126
1936
807
741836415771
5206
600499
37
961414512
6101
3681193252312
4
58349647
790423
39088
4870800495160
75604
317
94297351838434
2097271449096
61396
5783
9636874643722
771
326564
4440113
2831
712381
14218693797605
808493
6442338
8865
341445
396
91337
3373086581803110
630107
3017462
868567
355474445
8190908863521496
4258910698834
35793853515
87981
9176387
7952178
3178
49907
762
431
151
6106
967712506108
43032
504797
67344
442419
97
524304970321
71972987
1795
4785
230660
745
17737
13690
84459
850846645
5005
76393528
21387357401331
417432
1376
927170
32825
7083149
5890373
50215
69624071
232762
5952661
518593715778
1644702502
918390372
578806511
884993
932668913
1614
4061951159687
24277184773487
79701
98473
47345
8593
9770967
91738330380528
23577
4360
1993988
479871
981
32071
14066
3847
19356014578151
85349537335
964615
12274366267766
71084
9421854
9171690
980216430437
95325301207
5036
88598
24200
22802871
96638054952571
3374929
82942186606221
957038
165825
65583
253562668
7912
778601877
4165
9002726481
505253
27343
16872
3406964452883498
492771
51942621002
6997
7364
9977
758777
36140443
8037242
59148
910363
880578
371
72
96189024
601115
55035259
514
149308397683482
69946962
191720
9910984466
6548617376
26784
5146
2227
86254602
83965
7774
130204
331922
53609464
1471
37819
39488
24723940
457
2320257
23050
2904627
189996
99113
4745265
81433
64043
7963242777
474772
4082413
73664
897856
87
9907
491708195
467734013
82206946
3974
54156164
826
7272230
4151735
3746327018553
1939561
81072
43135663
54234319
582505486
53662720273123
655
62806
88141
74138171610453
400365140951
9830
251
1361
60570977
60363061
844918
740792
916870
7222670
932636
60796303404
80158
34271
49214292777
889
39780
2895
2039
2231207126
20976375
623380018308392
4643910
338723421998612
998723
218315
377440
49
66519304
25190516782
2214010634
26580
7294
50297
80483
21420
2210617
756456
839500861748
54494
3160637
1089
9315188
7755570
4412898
3223048399666
51238
273430313246
2139305
73654345011907301
6267
6828309263272
69887468494729025
6232
6993
966906
80674686
9940119352245
380581
4958
32670920
4358275
2690606
2548
4319303
9632623173458354
7308923854
217198
10741
4896861665
7408081254
8047815016298
4486215171
7427886168389
1993071
58045464
881
3701684
198698041
833502671
590188072010
263251977
3408619
392480533
83767154
944117
8670715
1133368
6874148368
3266
243814928
3281
35723882167222
690928
92702
9750284887
36855508
921472
432
99994231379
14132
683684
672119
5426901757614417
46298
8778
63906
6212348
475681
394350667
71
8845041
7607654076694
971245
36113461
18
954531
188940
865824
7919114129506
5964
351804
23
528
96810350124937
533
765672
91338638988080
86394
953
6896596
38852470800
5625828
423402416180135
728
3262217
49851079332533
85756770
649960104289972
544529698
712
8030576571
808410
6284662
4615655833
45050
417664677
9903606
669
156242
3041
845482
8841
2122335
43725
923087507
6665363568337
9062070
945093
4533925
660158032151430
663425
48567
1912
89679296112760
8260711
23005152830539
387461
73196
1164686
6819198
73561660153497
25409
7950358
401
7217280526775
845307945
249086
707
750
993011
14045219
58749
143379
669893
61832640218
51
689615807
89385
677547640066
37688
669639
69153121
498287425
73058
466650
929550
7118
77727
73823
3851
678897119454301
3978
865177
5330
70181
94959
5601540647
17764333997056
322052
4716
862917832
53084171
24206870
5395
50431
598207
34800548
56761
45201233788
76787
79431459679
180
830274
8601714423
41
801750117
62480
696495332
3140045
684008
44694415843
9336763310
801385454
9547
363894972785
48717640
3348242
68087369
4949599837302
485079
386
45127
189170787
59784411531
30401
6429
8321
828251
3224397732
4439427
857
64
43359083286898
1928
70984836264
4407
167490088419987
95
51736145
1469
19832898704
112976670
327302569
865526674
961351313697
30684006
42479
33011
109
27
56
68077
27878
574831567
582320275
750224323
482758
6931
2216484
52635
976
165052485
746
99187
739
88805419848130
588374
304049890705
2160607
133891
109056588
8294
93307321671
33002620670946
8285554
312099649
68809
9888
491039
285050
46191
164
1734049016
84361
2365
44315
5821772
65264085
62520
101
8120432
9136
397
242087411
7492772
8391042529824
3794541
858019
737683
17844915
4335202
333006995879271
46808135
754302
4806026
126
93545
960684
81150
67
26087636766907
34677
75423
33
62754
1
423501
49019
1078224905
790
463
19333
80719
258622
1082229863737
50099
486777378
48014412784
82962584
239504
448703011389
752
255339
6844
515579
45567708707869
490356
3115904
96994600
2216504740
184139524877
212
53418935
62577010105306
84212
6716
89666267320
4610119608956
671287
52933
509596
63657539
143289
869976
768
598
1778403
17373
1345902
656742536
153715
6334461
35228
94381096603735
5993003525218
598018975
5509002
6814014
22698482
19284528
847417893
9340
7112326
785071
12331
122598189276
487734
99165
414676
65268320
79
9302140130126
33395601
499
46797412
1526
42848842
343097248957625
14577
363870325
66844
9950126
756906201
16554
5462
67163446258
43071
615969
25011091764
7558691
95691205162
85989451
6829
12422666210171227
63311406
7
236
386
123516908
7517103833
2333713
461620759432264
446704
57434396995
4962872
17857148525
307351
23291542811
1886
9540371
785
746965830
14270
79659
343451
386182063
35010196
8120
9606158465533
7894207
59197
58952089
4458
21958
4347660
208253
6140272
8
9917154233967
89061796749
7756239315
7930956
56
171599306
1536454885
801139540539
377
30680
13
130226
5215167748
3022221664683155
824325780
5288
736
5
9136835
425874255
1718415
384735578
85395
806679
468188
92564715893510
78033502
58177740
32382870
9886950
7940690
78903
481656398
2349
8649482
70800514
10877571
480390
946
469669
76922
57867873280
21533993
385746
86204
6869990
1995777301020
8767
29072
401528809498450
4899786
907553
94958410004468
867543269072
425532045
5428283
4350745
405
28038361
5598694062105
67029656
20351
49104
9154798124
77549
6531
4912
8296973
34283661
7516
47145113268385
7944300836
9834
9679137252
6806
9019
4829
4902673473469
987715690
5552362
5357
174351092
15812
800906599
74259654
306
2620
9889665
796528936
2665
7034323559363
3718004
445545915557
48769138
859
692448
3675756
545971
400
99833
78
669712
77763246673
5381592
517441
3535
304058364
32586008
5743456
946652622275132
68814
3
1454280
547
2324
89328
12701
57361884329
40750
3096
61
751627946234
631035752429
47241459
9886952
186
528611
92017669
4898
63084942
963865
1068934291
6247431
257384
4261795
13536928
7807797021
49143845762
810
6544302
598589
815
625352
540
132491
4274669
2567138
7049
60128
23334
1595476
8271
931215
76627
567058
90
204
2224611
316910
38970517212029
71334262
434091
34932264
9311
215788054849
83595984803
524920218201
8922
287
97369
7013
80129
22682
5754367073
7340
652709581921387
426093
904467
562560590
858455
5186
7655
1102197
8581337482
23634725
6948966
305519647631
80278
5973451
877280382515
8415362
21872
98
233467
6671
690
4611912272
3632694485
9125304134
24203404
64840003768
624784
4044
2777
325857883
338179
655991249
28415
95527
4648869
351
58020329536977
745
4094
2548
292117
70
49258738691382
4386415
5242396188
68892268662018235
412573
9097042
8790916
46800
61292
67522866422
8756371771431
60884
3875
6729
886252022
23880144
576488837969
85415358
769389
9700328553
195467621151
99045
8492011
115186951
372075
361737
454967
698829603707
326090
3603032
648033
2253287869738
927147
192092
7909822289389
3664795534
62
6060387246
867387193675
987
22951841124
84013726525650
604027
9762573038002573
252421
353587670
6
925118788680
193495
7381236171364
541
7692637025
7276878
71315
17936
5685
1176
90
7
95256
112501
666619
39753
59236734
9906422398
4794910
55
940369270
86505
47
7041847875
922992
82106
73941
99676
688
810977
1536
1311009287218496
221386341638210
3518
338552
6149
389395386586
639629
194577
3347709
83953
174673858
289
750695884
76656
14786
9287155
6503634
484618
9317
14897
7574710
8054511
70651458813098653
52
465320
770945226738
10311
4639
1318
895683
6894584017248
4095343
7296328
65379
84692
2832359
75
6440737
917394
742376484
64787716496
8483
14249
911
70314
4547549
406
96519
260745573
67194707072507
983495050
68671149
3072085
62975161839
225403
8737211725
31661976
43628864
56148117
50199
8144826535229
41506824400330
3883624
957
4985306696222
45676633
68998545
331362
957018
9830
40145511
67559
7101690
751812082
684406
6237
3316
1681
55477
599
981056182
8022294
8225306
6784
11117
585422
354
57056
620301051304154
101528457
40335728
86799698367
16114
66026
407527908374514
788
32778
85189723086
18310603594797
857928
919673683714
827946
488934
696559773061
326163
58
1143962
250200
3027
478728
31425
44007
43566517
1516681889
23700
44013389345
733254834
5118887
19120
258828293440787
18252
332228
4838809108
5311215
6989583
2974
7271
13362
4194572149
74276
484161
9894527
3756
53844914
8693141955208
8776766
63866
21843
162899
330077943082
59228430730
4527
1504
5602301
727108
846891465075
6603350852
90
69888
1
3032449
776
8
21792
66110
61965749091
863200402241
53614
547917698
613404
99428
49922
883718
92224
4352192
96775
441469889
733238
28120
235
46563320
12592761
152469
999393243
94975
864476
3579627856630421
5256
4907434822
94113027927
113
74090581
81235026
2774164
5677388118482
15992
553419
67
732454943
22984020
13
74940585
93656040
95513904992
7671171
1225896
882
90150
7517504
828
52361
878944529
1905916
2695482181
5876
606181
652643996
576858016910
570145
445
4486632
321399
609
4945
70424
44045
5716549752
7295874
27371400
51608623
436
37735
203
167
51472123
8114384
18934438269
8146069
5346
16340376460
9646025
66252629
75328760
517993
39576
97603945
823154
88
8541
95275
9689
365855
607394
8290805
673551
48856109
969369
99338
1968890
618537
31476745
80070
883798816738602
5188
7795753
845
7538828703393363
90
39597
612837
36000
44339
8534958
96140543385838
50541
2725867
296
8352586
342
83
1776
7
477
82290977948438
5660112
647
8375455
555852
15662398
490922
636944
6
59585537575182
274431
493488
4898032019
38203493
310
253608
439682526769
818
7839516
42638
7715
27580
1063
6377
686534
1520631964
20
407856971
97757
455785
407855
71682
90
5989560347
74432125866649
3474453
292551
207904952866028
265
547950
268303
811
955430
63
94084
35576285
3131258114
5761929242
94
32807
14794903
407587
67271
833639911041
4484999
726506
57766879549
91644
161
169382
462416841463
7181
28069
80613012
251248755680193
88535
1
685498206146
570129
44078
50002
34
368403
667505
24495
805
2547
258862
46197
6416943275880
751492
695684
895655
67205
6531099433
161
84952
5
9201607
14660
630730059
3745557
57732351109
4270
949831
5168483
78403
721338
531147
45153118
50147989
483740484
53839307
6151
26563
23759418445263
2989
195785
71319
76998183750
76923799580
137739054
94369
42301
833639
5567
86851106408
546507
484
364797137434
68020
590622
81604606781
362416
42262
66391568100753
57769
507175
1673933
302552614007
99298709641984
198031028
820928
995675
5143191723
7661
9001
2855
6437927
85543214
87263511224
9441
2642
524319755533
15689
60640639439142
4277341594108
6227021
60640
989327
81404391
8587680066
690031853627
6886030
34403392971077
99348
694986
280
67298108
7166
98816106209
522
887587345695
75772446
3718
19488931
298879240618
9451324
7120880018980
63352
101505864082
630
214745
50098784
1092274
109023864
790684
937981893882
106614255
9410422625
58571
59467
33785
49585
65567239
38844949
44744683
22645453053461
369
2204417
398031
80
63728278311
8773103
339656
4762
24525
461
73054577378
588
5136
727552
5445
43705540
634603
64197
7521220
3340
3015447876199
4373616762617
957475
5690410
49949531
124646831
921456
2535
716913
1793452
8086770151
691118
296723
133517872
960026
7608843
88766
6234533349
1735
305
9761
845868
2669
943519
823301557
174
727338545304
193487
2122
7439962
8367
931098
8675766129189
621065
7383512
9083
97850704434
866981
5226531547
969714
7842150731
5712657
95682
43424
737383
24259998971
965353235191
976131640
444209
705590
7
510
8697
4679397707536
8493
552855
402365896012
10391
3752726
682205407680
8341748
346300756
5176756
72648
5532211
4276773
63650724
690451
56242591
154524
797
1393268176353
91
17353858
8843
3537201
717921995850
497
34559197563
442579
591
9400
8395620
4309
36667318631
41944043
2852215
747
1706
226333
85860
2026432232677
918526
97386
6280353
813
67886
3655
2698
918286118
501261
97830821
285970578
28885206673260
2874
24476
282
68768
32355440400056
4867416
10864
5051161
6262117
272095
5969899
395700
89297180292
176
400
1249
35217
1797
467750861
411184991
883140
7966031
6147265
8331942749
952965
57365
335359
93186
3521496
83039
6655661
1055390
82979
9919713
944242189735
8911210
901210462255
8694216
7790071940
520307
8544390139
44561
99823
21215
5382
90770
254
683515805882854
90447
711
389
80853
105
5016
2265140609450957
922809
79838
94821
493
71762
62378
52950
4128210
1876785
28670
896
8015647
8134704
7794
2594
521
2198494953342
2065
495363
6483932
173
9340
2891276
85464305
364
581
5631
465438
5500
9280114035
81366
454136128632
90322
33306942
812581838516221
784693
595
76509426
369978
655
305
782971
101698087
70931366
6270934
5079275982497
8232224
9132
49449866
185341324
55548
9559
6215343532768
7772155387
117855612
65152286
58
674
5984
9064371
57757541
96494268045
5674032
35940
664308949
60353
349285363
40
5639
4122051585
545
996148
164404929
8494477789749504
43113
3271
261
23962
3335970
346993
8445
303037195
2853
243256
53006
852453590
42973
17
45378216252
49896697
45852
4457
36612227
110906
3926184393958
916502
65011
86032
551266023235
870908
938937
7906
11403
339693041
367756215
65936
7173899
8404615965
126340
913673
165
7761317639
2315309
76059
65062018435
926614
98908
564678
931823
1237
137559
55829621
35046402856
9003375588
852167
2870011658245565
1787
30179
11775
4022
93679168
1246496
761049
636154
82636906189
308636196
479001
627515
13085952
59
517661
72777012
76700990
6058
8577
27375
5110
1976
757514
64802371
28857099332443503
6443
51024998695
7582
949440
4418
383243
4253867621
9542182
6185640
3107239301
5340502
12208
15558054646585
4851753878
8769
352863710
798170589
40607
4952296
8152503
14
221
50585
596547
83
336034
1343862
296423574
367
80896
55678697552
482823384573
238680
895
70998
2046656110049
9398551
4189
957626
7487818673
60652
6341
83351
352889
747248
26744
24647
77661
385
133673
550785
228
16337518980
3042766
34846
113245043914
1781805
734115
6190270259652
1312063
895088
708024416
7204
35748
6018
4087
132
3681120
574
1957403
15966455881282
87113
61180336
595674960
632
996293
1151851293105
17575
33851765174
27852
99316
4361223097641
671613
784646697386
131
255550991
76
13983263020
7139985
2219568
268673427
336
3341006
29654
2257706792854971
8645331
42
59231876
24805
3707
58191
1887336130
20262
35955
57256104856
866808
18
83131
43219247
538777
15047
33364564
4103400
94617388373
80294205816966
8629153961
928
18365416256
243
3378462
86142
40197166712
16231683789
779070
731487
3139
7698
39290
640784
37496
4938
392144
4901809728501742
6111
1333265441
4283807
791958
548908
818
334749246241
829543917
3300
546283912699
87562
351975738923
9849287
8169812
95332247
5846
89524716
18016
76
7812
14386
552287
236642
495726226
18599
1353651
13544
8395226
4721887
65787
703369
37385
34229
420808
2350
3911897443931
54059740
66392
3298623
41529
257
32444968998
1131678
93564
69692
171910478
21733928
1128406
3598772458726
5732775
5915879
35731
297680
603184
9502991344
92121
87
21934406278
2537670
4546
26976
779637
60
21959
8454
265708
3630
7494763716972
26
527769
433865444
58342
490
9575542376155
598774
189375
448
579984
524719763308
7805215
40078
7925667
3325495
1708984529
48603273086
105
767
395695
478711843335
903966
2029
352656790
57647
667340801
33679
40337436
2518225409
4206
47244719462589
158929
7285
7317
24651
574950210
97799
82320603376491
19220
34706405
6745
564
675798
731649787
963122
4777
65
83654176
1206
51
81757
3142794
3116
4464
966
2213379
461566
42
5621813
27745
6423
815455
85
93341
33315
87612522872
65371
657
3565093
76918525930
27567501
678621831
9387044990000
32
95548
556
65410
34158
4343667
16459
3130154
84084808255866
994167
5011
7402879212
9862
191964077
41882053
97285
9782
57592974
583
201990
25372898
615141
74869
42773
214073
7778947953
73290658
54730863090232969
7058
348578
755972
50083
93180
45488
9250745
53631
782034
14091108
818616
8630299413063
17583
165409
57767805
708363
5287
9331
972507
60339276
1670689
17195826
6336
74073
53289223298137
39733251
938
40641487
924899
5217
98479862073
28099162
719473
707087
2011215
921685191
8292
707723
908627640877
2881
52557694183
678945541184
514324643074
776142
8326
96
491635
9024164472
69106823
48099
56694
192862
5596108
6339381
8
42835
75650551868
97826
226859858216
89977667
697879
9502
505459
34809884189
35804509
110
290
13237
45
33405858175189645
56572162686451694
142125
75896
98777
7653635
1482
41209
331747348
1938844
534244
2729479795
7963359
859537419
4317535
193243
6828
89765
91338522
242311
41
33472
6453
111675
633
934
11
600
557612
4905485
5205515683220666
996465290715
34
4954049
77151317
850265564
5832110832
94892
1853890
259437
174008071
97742
55972
2600770
882302
3940465
4052260
20626819500
564308
558618
707634241
206441
40241
66872444998
3188
33266
5
8423618
97191
7151132913
9402131
18743596908931715
4138
26112577413795
737169757
356495919031422
7157080983816
3198
8104780
870
833245
36829533
32140
478151
6634
76700
619577981
48149
16406436665
7959
8761486802
573946
40835
32100
8982949462648
19864
980415
925201
72685360
6224374901
266
5404
131488
9580
71791016643
500688641784
5713604
2738697
2086
193535
717640318315
3986383712899
64
4324843855699
671521
3550
8309
28482
51910
2934104
47076180181
8500
8816807017
787397741
54261
84561
505297
30399670
441646
411187396
6266185
13255685072
4062501618
9126139
5667962
38928
797229142
5732
809
407881
3749
3341
7142708
4146004
376508704135
7285445
62597
4063073831282131
1881941993
387137297254236
5350
37
4713486
559675764
4428469
594398
24
128033979
18224
4879
2040
8900
95917867
8036
4331549
907407078
3339685394
36466269751323245
354
43271619567
577511
4149283289626
43705
666396
8227
30520
24339
7741
1197481886
90834474
236018596
250830
250
60659134242
5192172
4454015784
21
7895
301159229
99133
6550453
690837672964
518955
701895
27134255
71445968
2682726
222464
75
998059810343
10
410696
5104
1264332
335546
7841869553
742002
47400
326435402500053
6567827619
584
488909187227
399
897146604
525
73730
43007
92454
654903
775814
613
1412
720
485422793331
3
3172865711287
4466266
26904
29948
791484
4968602
43795109
8471
8526591
672
7685297847153
8284286
44754162
368396
4538302370821401
61304
3257
6322920
107580164
5269
613129074476520
3275890
6046782
1487490171539
135896
98990478018470
7561786565
479003690
37014261
7183
823151655220
1806102513
8
588143
1101446
81791176
4746782016
853663
48171098
181596
87513337107164
42727
4637
6116382503296
227588
984842942447
247342
4292
7532072055
6381603592962
16175
527277578987408
879
14618412
33
17863
1214
59061466156
3378
208914
728951120
1592
263192966253
8827785934
875581
856014288500
26865
721185266
8811684
88395
79627789
3248
5449
783710282
44501705156
1493342443650
685439
7935
886
31496
897944
302719
30834201554
988045
79528
84456052
657090
42390305
63749
5320756
7873104109182
2091984
686322
844721349497365
202408
109354
5335
134419176192185
1445881734
263694
743026374553
82818
526210909
9331
658569
698268
54301
3556103
7780049553
58597
29997791
5357309
6824320081810
736281
346126
951744
2616
832561078837423
9588325741
42
868403357795007
89226
3317912
1491274
83143944
855986
53048
7333
868926
325019952
143802
95776486551
3058336248
4178
218374
73312372
74813
6263
1831013
406247
38106
220096
69050
149
147198
6126393868332
7494978294
4892
191576
8810
968
863467
775635
7040
21295
6458
918287
617800068
224151
703
44066
75138
286729494
1935
3344827
595646
810733
6686050769
3983163
555332418054
8947690
7144
487162
6398479
4643923
38161876
95868284
156173146
515984
205927
350308278
54989398
668168
20619
1947
66972738373
612985187069
2508
3
389
62524
64
8181
9734144
615749221407
407461
9198261
475983855
287803859
32202652865
82
561957
9511951250995
8705799578832
58222798785
620167490536
183200813
451
891867772
5557340949183
7508215
1441160
5487913
3267
913183
2955092
65360489
35991
1283715027524
17858
1592478489
22058198712
26472
97886
33206
544
46452
139
92370
22130
3589362
190
5799379170377
1010945920
654036
3887
7993
5761767384152
253000
69568
6503563081
38427
21448
516
965699
454370
60336608458
849545172986030
238715
4400202
57
86
7963
457288
697732
530131
457
495930642451
9820
106587
4904061
844
651
968335995
5466
54881603
3191779
5556
13351
3756388
660214291
33446
901
93614
19582
835008188
7273
4103
462070106
8964
92982699575652
2447
5936
996
307
114
890793656
69872719
4347677
952608
546
7836422
493
1759674
4405
298
339514
14912184940492
145406153
4462
964092
909133
885451
858053728
40904
1699840798
3919
917
742859585
11890
41115
73284
18917765
741966790
9277
8441
40891
82894298461
68012
87346
2394
99464
948605242
92658314
366
9685
603121666
872752
5568
332929
5565
471
19410
353528
2679220
5615005
116
1528
7026
4556047587
7654
153386
6333414498
59907
95247
249225880484
2062401
3100673
416
3607997803969
27
10775481
484307
405547
60508
74418836394826
350
998336418
30702
6475518
126612
64645
60
940780265783
8096878547
898369192940850
520073
363929
623797715039
987975
5782345342446
41612
51305
56344
70145
24591318
45987
5253060633818
8609
3438
73781331
276157
700041604
125526
98
43102
720584313
368359
926371
652759
8225
64049571797
1806029
5594649
6305
96353023
53935
5117
529695
612138187
328821853221962
79514922594059
71406291483
64574
53
4847
35879964719
243
316
911646
6209625
62916172
927537536144
2093
8884
753099
79185
879478
79
191101
2700506
707971
772701078
59136
71642474477
89705766
993784387
107
371399
194113362
5036711608017
8052
739148039665
508
3037683
59758
747469
65734244
15730162
367943
259
895
639726305
6180691309144
76590
892
466430
32
483
4725
447400
207
726260
270626510
2111
2053062742
3273000
552657
8208
674
91266863
38759808
11599472
735
9022555
244
899039
95075
749837
301
121152
59423
122
553173
9589547478
11350618563941
38852
686827
4418914976
2148423
5805852
56406
923191
543244
1248140
14210
710
7126541
12154
97814
3313165419
3124362
8245931
3028783
1191102
71194
817249138
333697
40640945
3266919
6513
2936332601
92073974
5880007933446
9322258482
9898324263481
787914
908574680
1194804344
84391
4418
296
898425
40570404
5063
3105105627713
3917775709
768677
8312
6692948
234173855370
2780
38509
1782
643047
655603584
9717061
693686771
2285086
769
415054
391354
4757529931
558814
888903
165330517410
72810
25706
831203662
37652
6163508
2
925960
6882493
472072
47992684751
704547
1386
8965107
9787
9723863523217
62725039
79346
21090750
89843
7767906
6653
885636
783398
492647
6274113
66098
169
950412
25036
60736
5698042
66830
87273
27700616
926461
944796965932
4142
20360
1027
163458130233099
50743
571931
399527684
169665
4462128430
100402
17
16541641
9117
6377
1202594207
60212
5428699
955090
44315120
17886
879139
73814496791
69205566
1571
81481856737
929143
5413
50876
973431
47
1489
672399416
4669127
64
14306998772373
61549
124361212
94338
907107982
1890607
832414214851
5624
36662
69705283722
81958
6075280
390886
10161698
86976
83183560382
877723246370
735365464
725803
814085
606056355
19716725
8055522
4206
7911
80287159
621685
1191376
3017
158602
137
123924
615598
43380930485
107507
34699
35846998182
338399
99507360194005
7132794404
29829877
58181508478214
352724226
851928906592
536554497
71346758741
72036
8122
97369
469898
9256
83
200968
96780
5080822641
934
93755
73
3
80089786816
8283
8610
6045
784341308143
