2
2
4
4
4
4
8
8
128
36
48
48
54
78
84
396
408
528
576
606
648
678
816
858
954
978
1086
1188
1356
1488
2418
3438
3984
4470
4788
5766
5976
6000
6096
6120
6192
6228
6264
6318
6606
7020
7080
7218
7500
7980
8484
8622
9378
9612
9816
9840
16446
17112
17274
20814
26616
27372
34488
38670
47712
59286
60408
61350
64140
68706
69270
69798
70452
73146
73368
79122
87162
87762
89382
89418
90162
92160
94704
96654
140754
146922
172104
229866
268080
287826
305346
333300
402162
479826
511536
531486
540774
567828
569160
591816
616728
642906
659550
731358
736530
758250
771204
772686
779040
795858
846780
863622
932274
936888
965478
1273398
1333788
1376262
1483020
2245296
2584566
2735592
2789514
2944248
3065220
3257688
3526494
5147760
5443536
5587686
6058734
6550194
6937506
7515732
8363910
8973102
9734052
9972150
13717632
18184488
24874500
27091188
29107086
33594114
57488946
66959586
88781160
125574786
138323910
161752878
363401586
574553994
646705026
2636247516
3127128294
6834812826
7031484600
7949296326
8400544104
8460709422
9767229852
13197856524
17832438606
29083940364
58997626470
67866939102
582918422496
864564311610
938463257454
2641935004386
3651712310610
4152292787292
39876280958538
61340878820280
78344397571350
10
50
50
50
70
80
100
610
670
950
1610
1690
2930
3560
7040
7360
8240
57700
68540
75860
87260
96560
97880
97910
209710
293630
501250
608690
868360
969680
1752950
2392990
3873350
4567220
5119150
5460670
5468650
6423050
7999070
8612050
9369910
9461450
37537580
45377090
48010840
73844560
607834210
705817900
813519650
5341879090
7968458770
60455162200
65046438790
121697537260
2129497294840
2239121284040
2460581913560
3111577191050
3234398382100
14733309734330
69403929375230
1739692737587690
1859156941944040
154
644
952
6146
7084
7462
7616
36008
54656
58604
197582
231854
441868
503272
536494
876484
950684
3417064
6313832
7406686
8065232
8553062
9206624
59886274
982861166
7423207652
7960746094
393028177976
576491210512
757596029792
4219657622824
165
255
3915
8775
48675
182865
430605
497115
539565
866685
989175
2356455
4497555
6183705
9348945
18785295
19688235
23606655
29359875
57954855
75179385
329202345
376799385
946154145
1713407265
2991093315
541368582825
53102304121665
95598808643835
44728088033781795
19
231
399
567
9261
9849
46179
75831
76293
79359
79863
95739
98679
459837
687897
759801
825153
861021
4468233
4656603
95186889
106145151
182525931
605234847
8259120681
9850570947
31392734919
64465954917
176
352
572
638
2992
4378
5918
8756
11132
73898
249854
275528
320078
420904
542806
793496
2454122
44121836
8549173072
84906815708
293538900292
744082528904
785341280834
759188951444198
23
23
29198
62842
97864
186212
5284604
6974708
7655986
24406876
69985448
74391538
373582456
53476453342
35494916243384
29
99
6501
24783
31119
59631
128799
7534197
7816611
8259339
7722080487
7750975511697
34
272
17272
51136
351118
550222
2930698
406480132
22120040858
7758604813922
3325
49385
86345
537215
874615
891625
990745
95992015
355388495
388436965
23081595005
4455822503965
50653
76
1558
3838
5206
7562
9538
17518
52592
324634
15612148
35782966
1426459456196
39
6357
85917
1152021
2273427
266228079
898653639
847888445541033
43
736
7682
25622
32936
70426
2475628
7250612
8403188
3511025706248
31569
99331833
4889818851
8309479929
81825811527
53
275
2365
70345
2229425
48414575
171
1987647
7367991
140112099
1926260758743
40078
52664
440452
523508
1785298
3934778
5146
76756
283588
750572
990884
4730972
4893908
270001444
86365272802
65
786565
4177225
67
207
4071
10419
18561
64515708937052691
37666
944018
13442692
7316771
79
82
164
65272
595484
4990940220316
83
1445
6205
53635
993565
5516075
56116915
4410101665
172
344
688
5251934
4333998208
87
89
7189
257803
873087752173
537633
627843
744104
283083166042
41482817046362
47276
45541204
5784178388476
6173709
86419161
866662824201
944
902464
2023
6583199
6666202
35962375523817
7611
1358241
1645128772251
2517470075487
39898271
134
643736
848086
1567532
2453942
417113673
51692893178
6979256141
584
969002
9662918950699046
151
5735
914965
8505005
316
144728
4940186
286717544
672729
1517973
737779763
2276397
712
63724
4956921
45701133269
73526
38793
21266336067
4287854
35123045324
20909
122003
6592
39758
889680628
6270507
79822
58191736
704125
217
29729
218
349781763
62275
8215315623
17961827337
6723
268939
985707706
324356
7739855
573139
58115
1603915
9331273431118
31416827
583639
91809
959758257
927
7620643593
311
8860766
57391036
90854806938173097
8829
22555354
741932478484
335
917673
3751
789511322611
69935
362
292989
4628769
391
184748176
796
3458143
118582
55499
654595
73513
6558938
4347116428372
457
7957882
891569
7819890500501
499
886730070801
4208
43741
4455347
1271485
484533266996529
611
613
622
3318524908
652332185
327497
679
685
555740649
477731647732
357783
324627
4838489
8453735
1487838026
62317527526
709144231394
6990731
785
785
859
865
6549049
879
893
898
1752955268
25169132176
42737350844044
5955184
2904889
1304669104
977
785045
997
8535408925
304777
974965
5725
51481095779
7596055571
85698478
1181
8869
5384
1351
122788844
641251
772153
1537
6824
396736050874
1735
8725
1757
1803
298955501
1819
1858
1867
14992
5147067
966263
68901161
8643245458732
95849098
2122
8552
4364
2201
2243
9304
2374
9544
1679316388137
2631
2858
2951
917761
4132827182108
3053
3137
3293
3466
3613
3643
3653
3679
90275645297
393893147
4105
3936431
4471
4501
4711
6943721559
6914357
846143
650240871347
5462
5585
5755
5869
6049
532008977488
6301
6403
6423
6691
6781
6841
7023
69348206
28216
28312
7262
90032555
7415
7851833
7661
72795164566
7769
8021
8133
8309
14354309938
81371213005
9637
48325
9679
24392605
74627
7897529
6841489
13045
89093099
57832
14501
7451803
17426
18451
93418514318
20077
52069909
21829
22913
72351
49052
24781
238167
27739
28597
29157
4025452876
31123
62596
532493281
31555
32543
33206
34469
35366
37001
113733
308816
38917
39118
39599
79252
43069
43837
45157
46894
97892
2731675609
50107
52418
52729
52798
53293
8089672867612618
55203
58079
58483
59281
59677
62207
63055
65663
3363327533
67577
67807
68447
69733
73498
74743
74933
826793
77257
77534
78479
79123
82123
84079
84827
85651
86783
87037
81846172569152
93097
93959
96155
98789
110621
95958183878501
45482079723
360333
121021
277556
139819
145403
297028
151201
159191
329852
717512
182661
205327
214509
227023
234886
494898123449
845811
284806
6765939023
299906
390343219271
605716
317767
8791173
339646
350843
1905775
383398
400909
425387
903796
456422
485741
2470025
515671
532273
534397
542209
583435
586934
601577
612569
615129
9957856
624941
632102
641734
643327
649483
711677
742507
765955
773999
797035
800809
813014
816433
816938
869669
870037
3496568
874186
906947
498884158150699
3611133
1591397
8358116557903
3200852
1622377
1672529
1685993
2036669
4343252
2181057
2199571
2207019
4759604
5815036
3323867
3334895
3575203
588873805981
3594005
3674219
3781061
4425193
4628309
4673507
4779451
4891637
5006323
5160767
5724679
6214487
6262738
6666079
6986911
7053269
7990733
8134613
8382657
8722811
9295691
9644398
9806343
13620359
14493982
17921401
90870343373113
22144571
75011283
26984921
64808036
46011743
60490303
62123486
66071098
83564377
86080846
90772649
93095747
98569477
129246823
423123091
493372569
498943673
657003826
757468913
761816915
910586714
1135195357
2470545892
3794763157
7624447876
4232791543
26523312775
6852092749
7323382261
8268120349
9390693003
9630628141
23091617743
30210117731
31080077689
33165918463
43864869697
62395789667
84604645465
92429511341
2930282802819
301180639393
956754795268
502534651547
686516040443
764659871419
2589847270393
8990973664293
9230851698339
14740210325513
99797083822796
60200391608806
65972284382657
83560577402723
355119754784882
