1
1
1
1
1
1
1
1
1
1
1
2
2
2
2
2
2
2
4
4
4
4
8
8
8
8
8
8
8
8
8
16
16
32
32
32
32
64
64
64
64
64
64
64
64
64
128
512
1024
3
3
3
3
3
3
3
3
3
3
3
3
3
3
9
9
9
9
9
9
9
9
9
9
27
27
27
81
81
81
243
243
5
5
5
25
25
25
25
625
3125
6
6
6
6
6
6
6
6
6
12
12
18
18
18
18
24
30
30
42
42
42
42
48
48
48
48
54
60
60
60
66
66
72
72
72
72
78
78
78
84
84
90
90
90
90
90
90
90
90
90
96
96
114
120
126
132
138
144
144
150
156
174
174
174
180
186
204
204
210
216
222
228
240
252
252
282
282
294
300
306
312
312
324
330
336
336
342
348
348
354
354
360
366
372
372
378
384
396
420
432
438
456
456
474
480
486
510
516
522
528
540
546
546
558
564
564
570
582
582
588
600
612
618
618
630
660
672
672
672
678
678
678
678
684
690
720
720
744
750
762
768
780
798
804
810
822
828
846
852
864
870
876
882
900
906
912
930
930
930
966
990
996
996
996
996
1032
1068
1176
1206
1248
1386
1446
1482
1494
1536
1560
1566
1584
1614
1704
1722
1770
1776
1782
1824
1854
1866
1914
1926
1980
2040
2166
2190
2244
2394
2442
2454
2454
2472
2508
2550
2616
2616
2682
2688
2874
2958
2970
3096
3096
3126
3198
3210
3210
3240
3300
3336
3342
3366
3378
3408
3438
3444
3492
3630
3696
3726
3756
3840
3846
3852
3966
3978
4032
4038
4044
4206
4206
4290
4374
4458
4464
4464
4494
4614
4620
4716
4728
4866
4902
4938
4974
4980
5016
5094
5100
5136
5172
5178
5214
5256
5340
5346
5346
5346
5382
5430
5448
5466
5556
5568
5568
5622
5664
5676
5742
5784
5790
5856
5904
5904
5946
5958
5964
5988
6018
6018
6024
6036
6060
6078
6090
6168
6186
6336
6342
6426
6474
6480
6534
6594
6636
6678
6684
6798
6810
6828
6942
7026
7062
7230
7326
7338
7362
7392
7470
7500
7518
7566
7596
7680
7698
7716
7776
7794
7794
7812
7836
7848
8052
8118
8208
8292
8304
8436
8454
8454
8460
8490
8556
8610
8616
8628
8748
8778
8808
8904
8922
8952
8964
8964
8988
9132
9132
9252
9288
9318
9342
9348
9384
9570
9612
9630
9834
9834
9888
9930
9930
10764
10902
11118
12264
12522
12936
13344
13362
15348
16380
16464
16554
16728
16872
16932
17250
17574
17814
17886
18192
18252
18402
18504
18660
19410
19566
19638
20262
20862
21420
21606
21792
21984
22848
23334
23700
25464
26442
26472
26580
26784
26904
26976
27054
27780
27840
27852
28482
28650
29088
30684
30702
31056
31824
31956
32058
32100
32622
32778
33306
33648
34158
34770
35484
35742
35748
35940
36000
36030
36150
36228
36474
38106
38292
38844
38862
38928
39456
39576
39576
39780
41082
41844
42000
42084
42486
42546
42786
42846
42936
43032
43332
43338
43440
43728
43824
44604
45276
45852
45906
46452
46452
46566
46800
47028
47400
47910
48588
48642
48786
48792
49104
50124
50676
51444
51702
52206
52422
52620
52950
53442
53808
54282
54612
55128
55548
56124
56406
56694
56970
57498
58512
58608
58872
59136
59148
59430
60222
60624
60798
61266
61824
61998
62124
62520
62754
63906
64620
64626
65772
66018
67344
68658
68814
69282
69306
69564
69888
70314
70452
70488
70578
70788
70998
71148
71658
71682
72036
72264
72360
72510
72528
72648
72810
72990
73026
73284
73374
73470
74928
75138
75372
75438
76068
76416
76578
76590
76656
76716
78702
79836
79944
80070
80352
80598
81072
81150
81366
82818
83346
83910
85110
85860
86142
86334
86394
86532
86586
86892
86976
88518
88656
88746
88800
88836
88914
89052
89226
89328
89514
89622
90126
90138
90150
90528
91644
92298
92358
92370
92412
92454
92658
93066
93180
93186
93240
93564
93594
93660
94338
94842
94944
95256
95304
95478
95682
96084
96090
96780
96912
97026
97050
97386
97818
98250
98394
98538
98592
99348
99984
100440
104202
109110
115230
116322
116664
118842
119982
120582
121152
123924
125526
126612
129018
132900
134826
138408
143346
143802
147198
154524
160506
167868
168882
174522
174966
181596
183576
188940
189018
189996
197082
201990
208914
216576
218424
221862
224988
230850
238680
239856
242184
243564
244638
250200
250830
251964
253608
255834
259068
259584
262338
263694
265158
268746
275550
276246
279312
287142
296388
302598
308622
309144
314898
321852
331362
333504
342144
348714
351804
355896
355950
369978
371250
371676
375012
382176
383862
384270
385014
385746
385848
387084
391428
391644
392934
395700
406062
413736
414372
417432
419460
419700
421704
422112
435516
441300
446154
448710
448980
456120
461970
465438
466650
467544
468180
470994
471204
472830
474024
478728
480390
480642
487734
487878
488934
489426
490356
490422
491550
493488
505356
518376
525780
534396
541692
543588
547950
552414
553194
555852
558618
561096
564678
568932
571542
571968
573516
573900
577458
579438
579984
581934
588888
590622
595344
601362
611646
613404
617724
628734
629532
631278
636096
637170
637272
649074
654036
657090
661392
664200
665688
666396
668814
675798
682566
684906
685866
686322
687108
692448
693864
694986
696822
698268
698946
700794
703206
704520
707910
709722
709836
713106
713934
716850
721188
721338
726006
731010
733224
736830
741264
742002
742590
751542
754302
756456
759810
765672
765678
767682
767868
768480
772782
776142
779070
782034
787914
789282
789408
791484
791958
793908
796026
796938
797268
797406
799254
799398
806052
806088
807804
808410
808728
809868
810522
813546
816894
818616
821400
827946
830274
830340
835626
839520
845208
845868
848124
855198
857928
862128
865116
865824
865932
866808
868926
869874
869976
878022
878622
880578
880974
883140
884088
885636
886158
890064
896592
897918
903966
907326
911646
912258
914700
917394
917646
918072
921456
922992
927084
929550
931098
933948
934548
936348
936576
940824
944124
944964
947556
948204
948804
949440
950412
951744
952608
956706
957018
960684
964092
966906
967122
969714
971856
974208
977748
981906
983694
986628
993960
1027938
1061646
1122414
1131678
1191102
1196508
1207902
1215390
1225896
1238166
1264332
1301316
1343862
1345902
1413006
1454280
1530798
1555950
1701666
1735392
1759674
1906944
1924242
1955052
2013162
2087004
2091984
2191284
2195004
2197284
2216484
2219568
2244966
2262960
2309754
2456724
2465760
2481810
2527326
2537670
2630274
2668464
2675040
2682726
2893308
2991384
3108222
3124362
3142794
3143658
3176328
3203652
3208110
3261276
3263496
3273000
3283476
3309654
3335970
3378462
3395712
3402378
3420216
3442848
3497898
3520014
3521496
3525066
3560316
3563244
3570864
3589362
3632058
3672762
3675756
3681120
3760716
3786486
3842082
3846504
3857220
3972636
3982260
4073184
4103400
4128210
4195062
4222356
4288326
4299738
4347660
4400202
4412898
4467318
4486632
4527528
4555404
4590372
4643910
4669104
4688670
4713486
4730688
4761894
4851984
4867416
4899786
4940748
4994478
5192172
5223294
5232198
5263356
5306400
5381178
5381592
5438268
5462724
5483622
5509002
5512218
5515818
5625828
5639238
5660112
5674032
5805852
5817108
5848740
5926542
5982480
6046782
6144972
6147624
6176610
6185640
6190050
6214002
6322920
6338394
6371682
6442338
6463854
6475518
6503634
6544302
6573726
6645870
6673770
6814014
6819198
6858042
6866718
6948966
6986322
7027494
7066464
7101690
7145328
7195446
7196790
7203174
7212228
7237338
7276878
7295874
7321668
7335270
7489620
7498020
7506786
7605042
7613910
7641678
7642374
7722126
7733802
7754658
7755570
7767906
7794288
7834800
7838928
7839516
7930956
7952178
7952274
7985712
7993326
8022294
8055522
8121594
8134704
8159580
8298972
8354196
8373666
8382036
8395620
8534958
8642676
8694216
8782188
8811684
8833626
8838204
8868126
8879484
8917884
8962452
9062070
9150372
9161412
9171690
9421854
9435924
9498354
9513684
9517632
9564372
9589182
9597768
9617082
9651996
9670188
9686892
9808968
9863472
9881088
9886950
9903606
9939006
9981792
10216890
10593126
11697516
13085952
14091108
14320104
14618412
15192144
16082256
17063112
17187540
17195826
17623524
18095550
19077960
19284528
21048960
21090750
22984020
23880144
24034044
24591318
24600150
26031954
27371400
27916482
30684006
31661976
32382870
32551032
33306942
34404024
34889352
34932264
35749662
37713768
38279274
38759808
39589824
39801960
40114380
40337436
40570404
41060256
42089910
42573114
44754162
44951622
45520770
45906804
46161612
49243254
50585274
53551782
54192174
55127916
55656894
57339648
57592974
58045464
58177740
59236734
59754462
60339276
60885264
61166730
62384148
63084942
63311406
63650724
64572564
65550720
66074556
68472618
69049164
69205566
69283668
69682242
69946962
71798904
72777012
74259654
74919384
75772446
76509426
76980900
79365840
80613012
80674686
81235026
81543624
82598286
82905270
82944540
83143944
85098846
85415358
85756770
86254602
86626614
89304798
89524716
89705766
90834474
90856416
90902844
91067508
91331940
91338522
93349590
93656040
94428642
96068760
96189024
96402348
96775368
104219076
109023864
109056588
112976670
117855612
137739054
163818174
178366866
180149700
187462608
193852560
194113362
211332726
220986012
240947904
253173678
264522132
273254148
274539108
277275138
284789916
285970578
286729494
287231916
292776540
296423574
303194814
304058364
304129206
308636196
325019952
344064120
350308278
352724226
356719818
359815446
373452426
393238644
398166360
401368644
404659332
482866164
483740484
486777378
486972294
494896776
497127078
549022230
559675764
566962170
567826134
574714476
574950210
595674960
600908250
602098482
610495110
612439662
617800068
655603584
661781904
668284566
674665206
681272124
687372000
698632632
724174482
733254834
742046826
742376484
743911650
746965830
759874062
765232110
772701078
777136782
778554318
784036308
784732578
788205600
820607826
824325780
826994154
843797700
855645084
856241820
864206562
875341734
878542944
892990080
895286466
897146604
903244476
907407078
918390372
921577026
960664344
961414512
964835448
965639658
967393032
970604022
986517414
996118548
998336418
999048072
1150880442
1261140234
1297053516
1445881734
1826667618
1856080872
1898260440
2059273326
2240856822
2483245776
2673826236
2706294078
2740419288
2854821618
3058336248
3086755062
3224397732
3537936594
3579241170
3630449514
3653472732
3670008006
4062501618
4107938460
4196153934
4402185204
4423467486
4454015784
4539495138
4654061358
4746782016
4836125340
4860242508
4969773228
5203037682
5242396188
5249767110
5518393338
5711659218
5716549752
5730394704
5740767954
5832110832
5881885050
6060387246
6243626490
6333414498
6415725942
6428174898
6524527176
6611424132
6810488118
7078375614
7402879212
7406487924
7408081254
7429963476
7494978294
7505011140
7591725234
7633760076
8178838782
8236975368
8414763582
8453603532
8587680066
8624173458
8841491190
8889454668
9003375588
9024164472
9046563420
9245522358
9322258482
9541907676
9589547478
9679137252
9858189948
9863364750
10875570546
13512609360
14174448960
14814808446
16337518980
18414824886
18824179176
20626819500
21852474762
22058198712
22838863002
22951841124
25011091764
27026583762
27068663544
27969079686
28813594986
30023462598
32444968998
32946357798
35846998182
36054432414
37721139960
38028033720
38572941636
38852470800
39251528412
40422431808
41120029674
43700841630
45378216252
49527704532
50694464034
51702134244
52359967200
54833713518
55337831316
55488200376
56363316600
60659134242
60796303404
63450984600
64769373864
66224435772
66778960542
69690641628
69705283722
70984836264
71420098800
73858868652
74390499366
76998183750
77194564194
77400527280
83950582530
85189723086
86021316120
88548276372
88667165850
89297180292
94415089548
95704021494
97083315510
97503935676
97850704434
98278974396
99189930132
111464241144
122598189276
125811848160
140446738482
165330517410
167594188848
169316417112
177558212862
185575261422
185785624044
201300901254
215745356826
234173855370
234177624654
234547063056
238846663104
246905104032
280172680260
288514956396
302389988028
323313804090
352688759454
362318186244
374346657492
378202055664
428877969192
454136128632
500688641784
518593715778
555332418054
556033254492
559639420038
599537687574
616886363064
623585991816
670507885476
676881968076
682205407680
689970823608
690885700308
712329395352
717921995850
720369305232
726167974188
727080845694
727338545304
743569236612
770698021104
770945226738
774581392230
775895270784
783982629372
789740822838
799082897142
802908770892
865774132038
917332639920
925118788680
936409619010
937981893882
939077160726
954500486442
1433941976256
1493342443650
1507529602236
1638575011962
1714929141246
1860816338136
1995777301020
1997046734640
2055137844462
2097271449096
2198494953342
2395395096180
2711037032958
2779572612546
2914440079494
3130818765264
3266703941982
3492193900542
4017418705146
4240573341558
4256601277194
4376668967172
4403586571704
4535824250478
4861160284008
4949599837302
5166441670356
5254717351362
5391559622598
5763893321766
5777764101774
5782345342446
5880007933446
5955489985428
6126393868332
6164549182902
6190270259652
6299725628988
6381603592962
6416943275880
6659307438294
6827229288090
6894584017248
7157080983816
7477466645202
7494763716972
7830211394310
7873104109182
8391042529824
8440987901562
8570475453672
8705799578832
8729116408086
8903717653242
9227851746486
9335022856230
9655353628488
9730925054706
9842062454940
10572337177110
12902190430146
17792750319054
28885206673260
33002620670946
36177093489306
36218580099684
38726649907356
38994422388294
43415193767772
49258738691382
50352378634236
54799795888584
56714321128524
58296434334126
58887105788316
59585537575182
59845424116098
60640639439142
67100209440474
80294205816966
81650407987806
81730991063916
84013726525650
84084808255866
86903689368768
91738330380528
92982699575652
95012791944414
96739505682012
123190881781218
149308397683482
153412648935876
272310694201224
277840650698484
301288506708264
356495919031422
364213539246276
387137297254236
389708481197904
396070070379492
407527908374514
418397033605974
479341261386870
613129074476520
660158032151430
682534744078080
686001728361732
830371384561188
883798816738602
898369192940850
921973414688838
1776223374517002
2171361310192782
2286876642169254
2555916437513100
3373086581803110
3990194160933516
6174371072242962
7005112613114316
8494477789749504
34083143253458238
40475842655128788
7
7
7
7
7
7
7
7
7
7
7
49
49
10
10
10
10
20
20
20
20
40
40
50
50
50
50
70
70
70
70
70
70
70
80
80
80
80
80
110
130
130
160
160
190
220
230
250
260
260
260
280
280
280
290
290
310
350
380
400
400
400
440
470
490
490
530
550
550
590
590
610
610
640
640
710
710
710
710
740
770
790
790
790
820
860
880
880
880
940
950
970
1330
1460
1480
1580
2080
2140
2350
2620
2710
2780
2780
3340
3350
3550
3590
3890
3940
4270
4300
4360
4420
4820
4960
5020
5110
5230
5330
5350
5500
5600
5840
5840
6040
6100
6110
6500
6560
6970
7040
7150
7340
7360
7730
8090
8120
8380
8390
8500
8600
8770
8780
8810
8900
9020
9230
9340
9340
9400
9410
9530
9580
9730
9820
9820
9830
9830
9850
11890
13690
14210
14270
14660
16390
17470
18640
19120
19220
20360
22130
23050
23560
24200
26230
26330
26500
26980
27580
28120
28670
28900
29900
29930
30520
30680
31690
31960
32140
32860
34090
34360
35300
37640
38810
39140
39290
40030
40720
40750
40990
42980
43400
45050
45290
48460
48880
51640
51910
53560
56530
56620
56740
59350
60640
61570
62360
62480
64360
65410
65740
66110
66620
66830
68000
68000
68020
68330
68470
69050
69640
69680
70550
73360
73390
73730
76060
76270
76700
79120
79640
79810
81370
82300
83240
83690
83720
84290
85270
85730
86000
89800
90250
90770
91840
98140
100720
111400
116830
121910
125260
126340
145270
147320
149950
169570
178270
191720
226210
227960
230660
237260
239530
253000
254980
259060
270500
276100
285050
297680
316910
326090
336530
346840
366340
377440
381220
402430
444170
447400
454280
454370
456100
465320
466430
518150
523930
552760
581150
596030
601570
611030
628100
632870
654130
659680
670580
674570
688370
689000
699070
705590
712090
726260
728380
735430
737410
750610
774230
808270
816310
826990
836500
841090
849430
862810
865580
881210
881660
883000
897310
903910
916870
925960
927170
929920
949780
955090
955430
961960
982240
984790
987140
995050
998000
1055390
1095040
1107650
1248140
1248280
1419490
1441160
1605050
1853890
1968890
2141450
2262850
2526670
2600770
2679220
2814490
2914700
3068150
3093820
3275890
3562150
3786220
3892540
4052260
4405340
4416680
4770070
4794910
4855370
4986040
5060720
5123570
5178580
5514530
5669360
5690410
5791240
5951140
6030740
6075280
6290720
6363140
6366700
6619900
6786100
6814580
6855860
6869990
6886030
6903400
7023850
7222670
7241140
7254950
7264930
7272230
7521220
7574710
7707380
7940690
8104780
8252380
8303810
8400280
8480630
8559380
8670020
8706530
8718470
8758790
8911210
8947690
8976650
9036500
9420970
9431680
9792100
9841540
12157640
13727630
18459490
23008630
23864080
24206870
24723940
27906500
29058470
30399670
32670920
33414290
34812670
35179100
39554650
39781510
43705540
43862750
44315120
46563320
48234610
48717640
50186590
51296210
52590110
54059740
58241980
60547780
64996850
65224390
65268320
66045190
72685360
74261770
75328760
76700990
85139440
86251730
90581090
92188300
96507770
96994600
97436530
214788260
230344340
250162430
270626510
273719060
277126360
307234070
309876340
328797730
329216110
344325610
352656790
352863710
353296990
353587670
357605260
428022520
444551260
479003690
498346660
562560590
567470350
584462050
655459570
726514070
728951120
741966790
769130350
772345750
798374810
852453590
869825080
894845950
899233960
908574680
909894130
940369270
973116130
976131640
983495050
987715690
1010945920
1489487170
1489574530
1887336130
2216504740
2746664420
2806464160
2984805250
3514653130
3690858040
3764008520
3881191720
3891831050
4462128430
4821562420
6980129630
7580371510
7790071940
8484743780
8512349060
9336763310
9375742970
9738386030
9904517930
11045184490
13983263020
14597503610
16340376460
17110955200
30347790610
30416320730
35225643370
36379735870
45361089010
49116283300
50091465850
50854571300
52302668890
55165868320
57867873280
58389056420
59228430730
59302590400
60247413770
64675197320
65529418040
67044543970
69949424800
76918525930
76923799580
83554872040
88648539040
89666267320
98746155560
170224987820
201637171520
210615706660
258515886670
336438565420
426876896530
469654845400
507216837920
576858016910
590188072010
601149199240
651308955620
662554565050
687099008900
774710344460
823151655220
841926786620
856014288500
877723246370
887005770190
955140956390
3082694504200
3605897133860
4870800495160
5200571437690
5477748561220
5671427957170
6824320081810
7120880018980
8742508709620
8927813453270
9387044990000
9508760901070
9955694464670
12968035813390
13707711861620
18133531029700
20450719788730
24476571581510
28811681560300
29299365547610
32449776994250
32704718521610
41506824400330
41576678330570
46434607966130
61517332689610
75839115553370
77046429079720
78576237384100
80585721618530
88805419848130
89679296112760
91338638988080
92564715893510
96981423393860
98990478018470
178892326107950
221386341638210
285903746928230
398151696277450
401528809498450
411772419994250
468267131348740
559312313826440
568355433553700
849545172986030
859698393435730
895890624898540
896464178850280
896511578743370
50039100904061000
78912570529362550
81444350459714620
92815627472573570
11
11
13
13
13
13
13
169
169
14
14
14
56
56
56
56
56
56
56
98
98
98
98
182
196
238
266
322
364
364
406
434
448
448
448
448
532
574
574
644
644
686
728
784
812
812
826
896
896
896
938
1022
1246
1274
1358
1414
1526
1694
2072
2086
2114
2156
2324
2464
2548
2548
2576
2828
3136
3136
3136
3164
3178
3248
3766
4648
5068
5068
5222
5222
5236
5306
5404
5936
6412
6664
6664
7084
7294
7364
7448
8036
8218
8372
8722
8792
8974
9338
9772
10864
12208
16114
16576
18074
20888
21448
23198
25312
26194
29792
33446
33754
34846
35546
35798
37394
37688
39088
44254
46088
46298
47446
47488
47782
50876
53872
53956
54908
55384
55972
60214
60508
61292
62524
62636
63448
64652
67886
68012
68768
69692
71498
72898
74116
75194
75292
77168
80108
80738
83776
84952
86002
87304
87346
88424
89992
91462
93884
94486
94892
95354
96572
97762
98812
99176
99316
99428
109354
123536
131488
139594
191576
204064
209384
226478
235816
236642
258622
314762
324086
326564
339514
353528
360094
368396
461566
468188
485926
495068
515984
520604
551684
560266
594398
605794
614992
625352
636944
638582
648032
666568
678622
690928
696262
697732
709436
711046
722414
727552
751492
755972
757372
783398
795172
799064
808808
816802
817096
832202
834022
860888
865018
918526
930986
1502228
1984304
1996372
2125816
2136778
2146298
2567138
2955092
3017462
3356668
3461738
3570154
3701684
3983126
4151798
4222078
4300702
4437734
4466266
4819402
5238674
5320756
5455016
5596108
5698042
6483932
6678448
6896596
7005124
7246022
7465612
7480648
7492772
7821562
8052632
8169812
8232224
8232826
8249206
8395226
8423618
8527274
8596742
8631994
8745982
8899142
9042194
9060268
9115624
9188956
9379888
9486232
9734144
9784838
12123748
15730162
16119628
28099162
30579206
30633442
32586008
36672062
37763474
50299144
53360258
57255674
61180336
69117314
70034356
71920436
72805796
73290658
73312372
74443264
80158904
83176562
92658314
95615674
111111952
144767798
165037306
185341324
243814928
251495272
603121666
634974844
651549976
700102592
751812082
796528936
835008188
858053728
862917832
872552156
1287707036
1579754162
1612431226
1652574616
1734049016
1832892166
2986246186
3226807724
3303746138
3581769926
4418914976
4775092784
4838809108
4862368336
4969930574
5215167748
6207019084
6548617376
6600228026
6603350852
7039268978
8108018716
8851340792
9301491668
9326983036
9502991344
13255685072
13528467652
27507956462
59061466156
59197625284
60336608458
70130297524
87298480976
87612522872
95691205162
98034210386
99605164204
101505864082
126462269416
140216227438
147676731062
236422609906
249225880484
298879240618
319243314362
436520093282
464109647288
687112412756
727857576838
736762051522
751157179486
824581627478
829837939994
962654683018
976219453342
981538207846
1093983430456
4655694936872
5409207756232
5813031941108
6557304888386
6828309263272
7163103194198
7607654076694
8982949462648
13201594167706
14912184940492
32644533077072
53276314104706
74418836394826
79733521855316
82290977948438
83169470827772
95095615788208
95862287064068
96140543385838
98415550151548
121113362394766
330372876769558
338723421998612
421194443302234
460274882283482
649960104289972
683515805882854
765292030685126
882681427951414
2919173511769186
4901809728501742
8190908863521496
15
15
15
15
45
45
45
45
45
45
75
75
75
75
105
105
105
135
165
165
195
285
405
405
525
585
645
705
735
765
795
855
945
1035
1155
1635
1755
1815
1935
2235
2535
2805
2895
2985
3225
3495
3525
3585
4365
4725
4785
4995
5385
5445
5565
5595
5685
5775
6045
6375
6405
6915
7065
7095
7305
7365
7695
7935
7965
8445
8445
8835
8865
9105
9225
9375
9435
9585
10335
11385
11775
15435
16575
17565
17625
22515
24135
24495
24525
26865
27375
31185
31425
33315
35955
37125
41115
43725
48585
49185
52635
53865
62985
65715
66165
67485
71655
73425
73665
77115
79185
84075
85395
86505
88365
88395
89385
97155
99045
99165
100695
107475
111675
142125
150735
165825
169665
189375
191655
217785
239205
251265
254355
266655
277845
292965
298725
300705
341445
348915
371775
372075
406965
421755
426435
427605
444945
456795
506775
518955
528615
529695
539865
550785
552855
553635
560055
592095
599415
640335
681075
701895
706875
724845
733995
734115
775635
779265
802335
810675
858405
893415
898425
910665
931215
931605
933915
952965
973605
980415
983205
987975
1581495
1658655
1718415
1730805
1781805
1876785
2011215
2122335
2290935
2548995
2558745
2632785
2882745
2894535
3293475
3445485
3584625
3670815
3884955
4345275
4561245
4745265
5148225
5311215
5732775
6069585
6209625
6303885
6884685
6962655
7139985
7594095
7859655
7916175
8166675
8264685
8603145
8958825
9380445
9429735
9450735
9670425
9871695
9889665
17844915
20976375
24487485
28824015
30965475
35060445
36059055
39147285
39704955
41368155
42908475
47440035
57767805
65264085
65992605
68998545
74940585
78871665
80944515
87370035
90545745
94208835
106614255
165052485
367756215
381096975
412765515
425532045
425874255
475983855
534739215
578353635
593263005
605161605
606056355
641516145
647490375
799878765
845307945
850490205
874257705
921566415
964402065
968335995
3731448765
4122051585
4480434375
4508269545
4689473355
4701320445
5592857715
6223959135
6884918475
6964837155
7041847875
7532072055
7756239315
8404615965
8767790355
9280114035
9768091815
9895049655
11107292355
33483621555
35793853515
40925276535
45224864025
52716125025
58222798785
65003797095
69221520795
73539764805
96494268045
114697405425
235969944165
348517730955
428491682355
478711843335
520099993305
520813735005
564782249775
566130899145
577298114175
846891465075
887427713895
887587345695
996465290715
1151851293105
1886294168625
1919673362385
2540336064015
2587686546705
2940844445565
3976410490845
5598694062105
9156819969315
9203716787415
9473173404675
9664897089855
9940119352245
26112577413795
85040301186165
91463118313935
211902117059565
391453934510445
877396569536685
1608843138194895
4376558310095595
17181397909059885
87033475661695935
17
17
17
289
19
19
19
19
6859
21
21
21
21
21
63
63
63
147
357
399
483
483
483
609
651
693
987
2877
4179
4221
4683
6027
6111
6237
6531
6573
6699
6993
7959
8253
8841
8967
9639
9681
9723
10311
11403
14007
15099
22827
23037
24339
24339
24423
27993
30723
31647
35217
39753
42567
43071
43113
46347
46851
47691
48657
51723
51891
53613
58191
64197
65583
71967
73101
73101
73941
83181
85701
90447
93639
96621
97209
100149
179991
188769
195321
229299
242109
252273
255339
289359
292551
368403
434091
435309
479871
485079
540267
552657
570129
584283
596547
604779
622419
622839
654297
688989
714021
736281
742749
749553
815829
824859
929943
934689
947499
951573
958923
1104873
1316343
1792203
2213379
2298219
3437217
3638901
3931557
4527873
5130237
5435871
5797533
5903163
6029541
6313377
6332781
6334461
7077651
7472661
7568253
7620543
7700721
8177967
8389647
8684613
9035397
9298611
9354933
22802871
24986031
27308211
37931271
40145511
40240263
41547387
50847531
61301289
63489573
63501543
78766401
89202561
93532509
96536307
98752899
99231531
163601109
197483979
291490983
453515979
801750117
847417893
921685191
971111799
1592478489
3681398007
4024719573
4556047587
5770823289
6289804983
6937590807
7778947953
7963242777
8570669709
9002726481
18662121177
30492932253
49617739437
71648488779
91770227031
263192966253
386688699033
485422793331
561482768259
805217919723
814697033283
833639911041
3339747416523
3746327018553
7859417084001
8900376175089
10561440606213
11685466772301
66391568100753
92520491151459
99805167546483
326435402500053
333006995879271
739247061441399
4538302370821401
20361810059991477
22
22
22
22
22
22
22
44
44
44
44
88
88
88
88
88
176
176
176
242
374
418
484
814
902
946
946
968
1826
1892
1936
2332
2398
3718
4598
5038
5104
5126
5984
6292
6578
7678
7678
7832
8294
9724
9812
17776
19888
22682
25036
26378
26444
27698
27742
31834
32912
37708
38852
42262
44066
45034
51238
51656
52844
53614
54494
63734
63866
65516
66044
69652
74272
74932
78056
79838
80278
86636
89914
90266
92224
122254
122408
156794
201014
219736
222464
252472
330968
346126
369952
410696
425612
458722
461516
469898
528022
557612
582802
593626
598774
613162
656128
667964
691856
695684
710116
714164
715396
726506
733238
761552
777304
786412
800206
845482
883718
1352318
1913186
2259422
2396284
3115904
3126244
3216158
3948956
4246286
5615654
5730406
5821772
6224306
6580178
6673612
7072868
7322326
7528796
7836422
8297146
8352586
8395222
9081556
9384716
10000628
28041332
39580574
44206448
48769138
49573106
54607102
56233628
57054668
59231876
61719482
62916172
63926698
70553846
70931366
71445968
77875402
81127772
83745926
85015612
86691154
93679168
221394206
236018596
282287038
562622566
595800502
708024416
739786454
907107982
911043254
2214010634
2276703836
2661987196
3368640638
4611912272
6644389642
7345841294
7730218166
8827785934
8946641176
9774164972
13801397654
18365416256
19739137814
37530136226
49143845762
67522866422
86851106408
94316644246
95513904992
164882980658
247263467242
514324643074
562234777214
620167490536
651089218802
677547640066
751627946234
825010178036
922072544206
4258910698834
4277341594108
6180691309144
7381236171364
31259666114116
58181508478214
79538477062418
204605305072124
207904952866028
620301051304154
681745136679266
873883838591104
5058405342918092
5205515683220666
62897334396015064
86271058958874724
23
23
23
23
23
26
26
26
26
52
52
52
104
104
416
416
416
598
598
676
832
962
1508
1924
1976
2392
2522
3874
4498
4706
4784
5876
5876
5954
6032
6058
7358
7384
7774
8086
9256
9932
14066
14404
19864
30914
35048
38116
39832
40144
52312
54548
60736
62036
65936
66014
71084
80158
82498
82784
84838
90194
95888
99086
103844
218374
243256
288886
332228
353314
369434
373048
441376
453154
457288
458536
487162
488644
516256
533156
543244
565916
570986
579956
684008
708058
740792
756808
775814
864916
926614
944242
949468
969202
1607554
1833338
1954654
3012022
3317912
4352192
5176756
5674682
5713604
6106126
6163508
6624488
7112326
7296328
7410052
7950358
8337368
8341684
8410454
8543002
8999302
9542182
9684896
9739288
13323284
22064692
35010196
40185158
47881678
68707574
81192904
84773312
99801026
198031028
291582668
347117108
390196222
672399416
696495332
948605242
2361217508
2612659036
3791569808
4211608622
4623076978
6268017964
6782640332
8130001178
8163948052
8661313258
11831548664
22850034194
30834201554
35226528844
48014412784
55573693942
62903766328
80089786816
83183560382
93754733384
267212187164
312929536426
524719763308
679737274918
685498206146
4590791572484
5761767384152
6116382503296
6354818455544
8821872995546
80591981223676
139625233644676
3406964452883498
29
29
29
29
29
29
31
31
31
33
33
33
33
99
99
429
627
891
957
957
1089
1947
1947
2277
2343
3267
4521
6171
6171
8283
9207
11253
24651
25047
31383
34221
45903
47223
49269
54153
62733
69003
69927
77781
78903
102399
122001
151239
418869
427449
428109
495363
527769
545127
561957
563211
618651
673101
870903
902913
945549
961983
1089891
1778403
1902549
2038509
2062401
2904627
3037683
3191991
3194697
3679731
4361577
4917891
5542581
7481133
7608843
7903599
7938183
8615343
9439881
9995337
52933551
93547047
125570247
260745573
268673427
504941811
1120748607
2327692257
3187106373
5632534281
5727442941
6234533349
6474236571
7146600681
28467890649
34559197563
43271619567
195467621151
741836415771
3032148987417
3166162617519
4950360169821
9159576700527
12323614871997
30000681267777
47244719462589
431651529569733
28857099332443503
34
34
34
68
68
68
136
136
544
1394
2006
3026
4216
4556
5882
6256
7208
7582
8636
8738
8738
9554
9962
18224
19142
21998
25534
26146
28628
36074
36856
40324
49096
50966
53006
57052
66844
69088
90848
93364
97886
99688
100402
121006
258536
323578
335546
539852
595646
597754
612952
620738
624784
657764
668168
691118
692206
726716
874616
879478
1491274
3756388
5533058
6284662
6348242
6684026
7692194
7879568
8007442
8088736
8178836
8518054
14177626
19145366
27700616
32931278
48171098
51228854
67162954
78033502
82962584
317164546
723010646
735365464
748244732
924226454
1644702502
1705774934
2231207126
3078315902
3339685394
3818851576
4616254868
5883530782
6354604862
7516891054
7693816616
57256104856
68576253794
69289715812
134966554496
208670894092
241362531932
308711245204
716449410694
731036326178
771355629248
989518182742
1595122027024
1928420169044
3926184393958
6215343532768
7959894344972
30129845041286
35723882167222
43359083286898
58261573849708
63104902392572
35
385
385
385
455
595
665
805
805
875
875
2065
2275
3535
3605
3815
4165
5005
5215
7595
8225
12985
17185
19075
31115
31955
39025
48965
53935
57085
57365
64645
64925
68635
70945
80605
81235
83965
88445
89635
96775
167825
315455
344785
365855
407855
574805
627515
663425
696535
702415
833245
897925
934465
955045
963865
994735
1206905
1726655
2139305
3364655
4151735
4223275
4350745
4433065
5188435
5605075
6457745
6876485
6988835
8350405
8447005
9250745
19716725
46151665
50556065
61394515
363870325
621822355
1536454885
2729479795
3632694485
3744194125
5870198705
5909025395
6175601635
9264387965
9813777995
36838796155
52882161395
57814249115
58017281245
739148039665
891434707835
995871222955
7998369341375
9575542376155
423402416180135
915909720649595
1847737934675185
6808224168671975
9153369679492045
68892268662018235
69887468494729025
37
37
37
37
38
76
76
76
76
152
608
2698
2888
3116
3154
4142
4978
4978
5206
5624
6232
7144
7372
17936
21622
23978
26144
50768
51148
53048
60572
61484
79648
86032
87476
130226
141436
170164
220096
228266
238298
247342
267824
336034
347206
403484
422104
474772
490922
581704
669712
777442
809932
827602
959918
1191376
1640042
4059388
4556542
4706908
4854842
5668042
6752182
7142708
8402864
8846818
9321362
9770864
12242042
37589182
42300536
43628864
66519304
76393528
79097152
368340536
495726226
652643996
703611154
856973188
5108954194
6023147516
10011517772
36089253296
44080848388
51942621002
61552184578
98506807694
9536414812558
778498497753556
6252876377749198
39
351
663
741
2691
3081
3081
4017
4407
5499
5499
6201
6513
7683
8541
8697
8853
9711
10881
12909
31239
40911
43017
49257
77727
77961
86619
93249
106587
147771
274443
321399
423501
483327
520923
525447
546507
718029
749073
776607
813969
918957
927147
932607
1353651
2540031
2686281
2738697
3527277
3759951
8290503
8841963
9603477
20883447
27567501
29529201
36829533
53200251
73781331
164404929
189170787
508872351
859537419
2716893933
49214292777
59784411531
166186062159
208304025891
387354260709
801139540539
845751715497
1823870380527
2332291575237
6494505712617
8125042378869
54208154386737
163458130233099
41
41
41
41
41
41
41
1681
43
43
43
43
46
46
92
92
92
92
368
736
1702
1886
3266
4094
4462
6716
7912
8188
8326
8924
19918
21712
29072
36662
43102
43424
50002
52072
56396
86204
86986
110906
149132
165922
361882
420808
441646
486128
534244
852518
868618
921472
953948
1164628
1892302
3444526
3752726
4345298
6817016
6958696
7517504
7889276
8225306
9322682
9560548
38161876
44744384
50098784
93413074
93542794
215767324
528034736
781833158
796303654
850265564
1173221536
3031081496
6874148368
7308923854
26710768894
31466739484
498976914994
3699894714892
375796684303472
47
47
47
47
51
51
51
459
459
459
867
2601
8007
8313
43503
50541
75021
86241
129081
140097
155907
194871
244341
259437
274431
286977
395301
452217
734757
779637
840633
862767
904179
5594649
8152503
38083587
829543917
4548594273
57497705847
71791016643
97481770209
262331605929
888357443553
22128716888427
581502595497063
53
53
53
55
55
605
715
1045
1265
2365
2915
5335
5665
17215
21395
22495
24805
50215
59125
74965
84095
357335
455785
631675
757405
804925
856075
876755
971245
2891405
4386415
4533925
5446705
5615005
6497425
7508215
7653635
7805215
8375455
9792695
13743785
46808135
109157345
491708195
848416525
850846645
8737211725
51024998695
99342786895
304049890705
747695461315
6187096686815
7217280526775
9754469017205
14218693797605
15558054646585
47145113268385
47446888456715
3022221664683155
57
57
57
57
1653
4959
8493
9063
27189
34029
36879
42921
44631
58083
59907
65379
75069
75183
95247
159771
174249
398031
510777
521151
648033
711873
790077
1997223
2643033
3822591
5726163
9198261
9412467
22576503
37014261
68671149
89773917
101528457
504819759
908893101
1806102513
4040607393
5871991971
6495920811
86685069729
354803363883
520822037097
961351313697
92503395752379
58
58
58
116
464
928
3538
4292
5452
6844
8468
9454
9512
15196
21634
24476
27086
40078
51214
71224
73196
78532
83114
198476
203638
205726
213266
277994
421138
430186
513068
640784
660446
914428
934148
2934104
3501518
5549092
6659908
8649482
21696814
24590086
32643038
85543214
89185846
223093636
908599058
1462282544
48603273086
55678697552
60900097556
82828995482
851928906592
4877180670664
5908049744192
11614895504204
62926389088258
347585571334382
9632623173458354
59
61
61
62
62
62
62
62
248
248
3286
4898
5084
5146
5332
6634
8122
8804
9238
26722
31496
58342
60884
62806
74276
74524
81964
84692
88598
97898
155744
207824
405914
412238
600904
615598
680822
714674
829126
859816
1102856
1143962
2719258
4470758
8798854
25639976
40743176
77876588
124361212
546421748
568002956
787292306
992023498
1520631964
8609419634
44501705156
94388179814
184769606156
321808023814
7021425740864
8250486389378
77707681862024
588359514285934
942673843243558
65
65
325
845
2665
3835
4225
5395
6305
9685
32825
42835
55315
80275
89765
183625
858455
2444065
3876275
4905485
16151915
57363865
415635025
667448405
742859585
4592654105
116015039335
350334511865
944242189735
34390986791785
41280420554815
84800764210045
206055170701315
780342711371275
67
67
67
67
67
69
69
69
69
69
207
621
2139
7521
7521
9591
14697
19389
41607
52233
59547
81489
85353
91701
245019
326163
424419
494523
553173
806679
945093
1600593
2700039
3983163
4040571
6271341
7370373
7963359
8845041
36755127
77816751
98465967
129198291
381905547
489374979
678621831
11990263377
45652453923
48312640041
86799698367
145430755521
820541459973
1436279437311
3822585872733
853159686763017
71
71
71
71
71
73
73
73
73
73
73
74
74
74
296
296
296
592
592
4366
4958
5846
8066
9472
25604
32782
38554
44918
51874
75406
84212
95164
276316
584156
588374
882302
1164686
1764604
5535274
6629734
8781506
9097042
25372898
30572804
45377392
84456052
93320512
107580164
3073380358
9272965456
78397447262
371196990256
4702781456536
8047815016298
74445016353592
883701062634976
946652622275132
77
539
6853
7469
9163
9317
9779
10241
45353
50743
58597
59059
78463
177331
236929
246323
430507
466697
810733
975821
6996913
8402009
19488931
29829877
62650973
71529227
90398231
532975751
4757529931
44694415843
72895560661
81980319883
184139524877
253108714243
875875411411
50376470543861
6589417078957867
79
79
79
6241
82
82
82
164
5822
6806
8938
12218
22714
47888
49528
63632
75604
85444
97826
231158
318488
372116
420824
548908
641978
650588
2700506
7729976
9950126
14436346
52152902
99143986
174673858
433865444
884961958
8809513462
9011372452
10147130836
19616777672
378395679884
5256109043714
8131528299484
15966455881282
409200805853194
83
83
83
83
83
85
1445
3655
32555
47345
71315
93755
128605
226015
667505
2714135
4571045
117994535
182297545
498287425
5502721585
9169887295
51887180105
65062018435
3389537759275
86
86
172
688
1376
1376
4042
6106
7654
8084
30014
37496
66392
81958
83162
83936
94084
130204
223084
790684
895088
916502
964576
1128406
3042766
3281416
4028498
4311782
7265452
7854208
8698556
8780428
9596654
12425968
471414074
537873326
852249938
4712799656
13666954622
99818185708
87
87
87
87
261
2349
2523
8091
9657
9831
20619
23577
32103
46197
46197
50199
77169
143289
669639
922809
6758943
7740303
46082073
8163949413
25027611117
87279109311
173438168181
394223284527
89
89
89
89
89
91
91
91
91
91
2093
2639
5551
9373
9373
53599
57967
59423
69979
80171
93457
96187
97279
333697
697879
768677
784693
3263351
6550453
8618701
21033649
79015027
83697523
84889441
175121219
4414913867
5754367073
984842942447
93
93
93
279
279
837
12183
17019
20367
30783
35991
75423
79701
140523
461001
769389
858111
895683
973431
2320257
5682021
7942293
8965107
70300653
2885084781
4877406669
23759418445263
81521474929413
587741218927977
8222723135709039
94
94
94
94
188
752
1504
4418
4418
4982
17014
31114
82814
92402
95786
97102
98324
111014
641456
1938844
2203172
3877688
4952296
6601526
7383512
8341748
9451324
21733928
78424012
411187396
886252022
1197481886
2053062742
17760504478
45933139856
364797137434
1283715027524
8668706664416
95
95
95
6745
6935
8455
14725
17575
28025
31825
32965
38095
77995
521075
4261795
51736145
23131644715
899181943265
47810955063145
99507360194005
495170768531125
97
97
101
212
424
848
6784
23956
27878
71762
75896
87026
698752
1101446
2995984
3389774
20492026
24203404
891888028
981056182
1865782532
2086389626
4851753878
17764333997056
107
109
111
333
4107
5217
6771
7437
8769
9879
16761
43623
66267
78699
260517
270729
372627
519147
663669
1571649
5615157
7429341
9064371
42306207
6406060527
113
115
4945
13225
44045
73025
129835
814085
2669495
3639865
7198885
9022555
28525865
35576285
531088975
598018975
54337305305
50827726972445
236
944
944
7906
8614
12154
15812
60652
70328
182782
326624
728414
3485602
4335202
8060698
60413404
150164912
384735578
675870488
8581337482
67121757158056
119
4879
5117
5593
7259
35819
50099
59857
68663
91511
371399
412573
980917
1112531
6749323
441469889
452527369
8043368627
73814496791
22645453053461
62053253421257
258828293440787
2265140609450957
122
244
244
976
20374
34282
34648
35624
44164
82106
436516
530456
576938
879986
3130154
9315188
21849346
58552436
85158196
94286846
550072868
48435515606
844992490876
5922815097548
369
7503
19557
92619
2308833
4614591
6316173
4749734421
805671271497
10707
14577
16641
25413
882747
9919713
169989363
263251977
6141746889
7264409637
131
131
17161
133
6251
7049
9709
86051
216923
296723
315077
782971
2240917
8396423
56015743
526210909
3040072903
524319755533
134
134
2144
9782
14338
22244
84688
151688
445684
886276
5737612
346300756
8865022858
66872444998
9511194619282
67059936723722
137
139
139
1269
7473
53439
84459
94329
531147
579651
1102197
6903219
6051233127
8422062963
32913178941
94593436097133
142
142
284
284
284
568
364372
564308
605204
632894
3110936
132413136676
486740926426
2431
4433
6149
8437
38467
43901
49907
319033
2201771
5440721
5952661
38844949
80365571
354634709
419803241
79431459679
8555
33785
39005
70615
94975
174145
214745
938005
3936025
31476745
85464305
839334385
10972181755
551266023235
70898486243155
146
292
584
584
29492
45698
79132
142204
672184
3682412
4191806
62577352
149
149
151
151
775
3875
4805
7285
11005
27745
51305
53785
434465
815455
6266185
63221245
64932445
582320275
27241561085
914451098585
7473333180119575
157
316
316
316
632
56564
61304
61462
65096
75524
80896
82634
98908
1815104
2774164
3224306
3603032
7495204
8884024
171910478
1319058892
867543269072
494916812564858
477
55173
69801
79659
388119
529629
2041719
2239833
5444001
5607453
6652719
7262007
10137999
97138347
380307489
2364519687
161
161
3703
12719
27853
203987
243271
733999
7279937
36376823
827297051
543986232797
35524
64574
85324
607394
5246264
7679824
8211356
331747348
5977055594
15306426242
909935530606
970967014744
3598772458726
38239145047522
87513337107164
167
167
167
173
531
20001
53631
5065563
5751261
34283661
56148117
6893679398241
356
712
15662398
700041604
5761929242
7841642794
7894547954
136213889282
179
183
183
549
95709
100467
496113
2343681
2825703
37310589
49677729
4486215171
8675766129189
185
7955
9805
67895
84545
90095
95275
176675
226255
8607125
53418935
8068458095
25042588915835
5797
48059
58157
74987
521543
7259527
9356171
16567639
115186951
977245357
6859610857
47992684751
65370614947
194
194
776
776
67318
79346
8790916
81791176
201
201
39597
44019
478581
673551
1274139
3307053
63728278311
96498156129
202
404
1616
26462
27674
41612
57166
98374
113524
338552
360368
421574
820928
6202006
7937792
22362818848
623380018308392
203
5887
5887
6293
41209
292117
1193843
287803859
301159229
1708984529
8405
95735
489745
1886615
321532045
16460636
54156164
4213377223558
3971
12331
93841
119339
796499
932767
2228567
4593193
327302569
211
211
213
639
42387
84561
459441
643047
761049
7802829
14306998772373
856
856
1712
54998
139528
180616
214856
288472
329132
897944
36855508
80841496
5053403412104
9245
66865
5317595
8515075
9993415
85743813955
11912430453265
6831138471135535
8029
9331
9331
13237
345247
530131
3565093
4963007
665169449
436
872
49922
71068
72158
3541628
13536928
53235164
70800514
83767154
678945541184
784646697386
6946580171444
30987212885968
4022534296617542
657
60663
1155663
3745557
9510513
77216991
3365791071
8510025297
89061796749
8630299413063
251248755680193
221
8177
77129
97903
2655757
24259998971
226
130402
2285086
3262762
8842024
9594604
38844202
56784082
481656398
9937628608
93695206334
227
229
233
235
1175
49585
218315
508775
1592008675
6409583875
81955228724110015
237
711
194577
420201
247
72371
81757
570817
8625487
12733097
747
299547
492771
684501
2613202229679
82942186606221
251
251
94369
701569
27420899
76549451
87238508999059
254
508
66548
97028
35046402856
3263876726996
257
257
259
259
9583
44807
181559
538979
3984197
262
90652
217198
28717558
922175024
3999445196
575612664062
265
28355
93545
3447385
355474445
628573375
36466269751323245
46191
143379
146049
442419
615969
6339381
806745039
39616893159
8756371771431
983386203825183
271
234818
417028
732128
8037242
8415362
65734244
750695884
4178595352
6567756436
40197166712
5677388118482
556
556
64774
415054
8581582
24785924
73338346
283
287
64001
139357729
77763246673
873
2619
116691
7703061
8526591
787956775131
868403357795007
104135
2668865
5579335
298
9536
78374
851684
75192254
226859858216
3887
3887
3420072567509
301
30401
84581
720293
1957403
4614631
812551607
302
957038
27473242
86384153386
215119911571168
8181
229371
718413
733563
7807797021
305
305
86315
563335
40640945
877280382515
307
927
553419
41324733
58693623
16231683789
510959160026541
278204
9143649542
317
50083
983477
731649787
732454943
932668913
145413
419547
556293
685977
3347709
3794541
3781999209
18934438269
323
86887
629527
3408619
74432125866649
72279742
1194804344
55045570418
335723494094
3900284024876
981
41529
7984359
735973
9043569437
9094662005569
59159647103963
1018366
5993003525218
335
43885
50585
57955
3175465
88559992645
58647
1343457
6247431
9244869
5143191723
19406489259
95776486551
20801
56947
517297
8521931
63657539
75933539
678897119454301
346
68854
381638
783344
3348242
349
353
353
153715
9287155
72517625
86980325
4876371235
661226
490500454
360636694702
724
265708
860474
9160772
83177102
83800466
839500861748
365
39785
842785
5028971825
367
371
371
371
2597
84959
383243
5778021151
66240199823
373
377
52403
474643
776243
2759263
4124532090561857
379
65913
85163787
382
764
1528
218122
383
383
386
386
772
772
772
173314
5441056
7013234
9176764
389
389
389
556393
570469
1806029
962510233
1179
132441
655917
3917031
6939987
813684099
11426844813
788
997214
54989398
1975
9393426525565
397
397
398
1592
6368
221686
321982
585458
9096688
1208523178006
401
24583
725803
1810679
43549
8786723
8871379
98229
177141
686781
981879
5334369
16575219
61256673
3334415463
6080806239
507218376081
7767599855331
403501
3177209
5347474853
99994231379
4728095
9211612496885
671787
549075993
6872815107
53455258212969
422
844
345196
992122
201725284
2989
2989
6397741
575665806655583
431
433
433
437
36271
445
16406436665
892
892
1784
7136
1872992164
612837
307642833
8601714423
449
451
179047
81274259
87429
3735891
4276773
454
908
908
46797412
459301358
457
457
457
7328
461
461
463
466
932
932
77700374
524265844
382903968584854
65191
90517
8690101
2966627484653
471
1413
654219
720584313
28853
457391
6664097
973826117
1912
9886952
65729910494
481
78403
398749
482
964
1928
3856
7712
555746
487
487
487
4401
491
493
493
493
35989
2100346331791
497
8871947
285819233
499
8032
880508
505
570145
349285363
497037335249707
514
514
1028
8380256
17161952168
75650551868
639726305
1557
12358947
5080822641
74358569440791
521
526
1003082
407224365008
54281
278186963
533
533
57031
80483
291551
348049
1673087
62725039
277106167
535
9410422625
12456123055
972507
506258
541
542
153386
665576
5495338
8285554
5703129
7189863
545
401176135
547
553
553
553
75761
2518225409
654511566107
9663422
5863185872
557
35804509
482758
567058
6212348
159724683934358
2621035
566
4528
525814
4471966
26531816
760371
81404391
577
332929
1737
139539
1342701
7671171
658206621
502841866857489
581
581
581
59843
669893
5428283
69655961464789
583
583
96638054952571
586
586
1172
544394
957036212428
95879606957
591
681423
1489911
1963893
6287649
6750993
432627957
593
597
597
825651
615749221407
5036711608017
599
599
611
7943
69043
505297
34403392971077
613
4912
19648
883546
890793656
64840003768
231108912297896
9952
79616
113245043914
4361
62923
86597
505253
546283912699
626
626
82206946
263013274
6660341398
629
629
633
633
671613
4227807
8603103
798170589
859715832609
634
6050896
19592456986
635
3175
3325495
97603945
647
647
647
162899
5645651
69624071
314373653
653
655
655
667
239453
3490411
20885771
435492971
669
6021
12652797
99979
51608623
673
674
674
302626
906887271898
677
683
685
685
685548685
98974821835
687
19075929
62238070443
689
8957
50297
694
694
258862
498292
571162
3883624
695
695
3475
2207399
2792
733598
358777827
536554497
8949891849
703
703
76627
79439
923087507
706
1412
87929476
768081404
707
556409
713
97681
598207
5731807
6453
618771
62975161839
718
718
5744
9074217991724
98777
251678299817
723
723
4361223097641
727
731
731
965353235191
733
733
734
635644
7785538
6174260863094
9176387
739
739
743
745
745
746
875581
764529017
751
753
299735
3140045
57434396995
757
758
6064
990706
6270934
761
846167
766
196096
767
767
979459
4791449
769
769
769
771
771
6281337
773
778
1556
6224
5962592
61536688
64977004
66183278477852
47519
88253
99187
785
785
382295
787
789
21303
39733251
339262273
963122
797
6858704
807
807
6676311
809
811
811
813
2439
7317
33395601
815
815
4075
817
818
818
818
3855112554812
831
7827189
835
838
839
842
1070121376
7587
2598013881
849
2547
888903
5965923
94113027927
1594863368781
851
45633173
102611027
857
859
859
859
13792
209528926
865
1985738
842514678406
9559
3015447876199
68809
633217
28038361
3512
4968602
879
7911
89537577
564095613
2192970513
881
886
886
889
895
895
895
3592
90407048
8394592004
899
8462287
901
905
19476505
515938833895
907
911
913
96999859
4082955173
5340502
917
176981
193487
989149007213143
919
921
921
404319
448703011389
926
80183818822
933
737287389
934
934
67220914
76059
551193
2853
693279
1408431
5712657
35450427
953
953
390595
96847505
582113
5291095
971
973
5991074
4163687
4146004
983
985
6081932735
989
989
9511951250995
998
31936
7049872
87263511224
8120432
19133
3172865711287
1027
13351
2188537
4331549
36010292687
6280353
8637177
604928223
6148626066626223
626242
8776766
95351336
7841869553
33472
3141
9423
1049
6204455
999012157525
1063
1073
1073
50431
5657118233
93624329
4328
1099
196721
1101
760791
778601877
57354642851
114058551
8481210963
395713
1729703
18016
15462232
944796965932
7048393
28375
570905
242968315
72282501
1595476
462070106
955621
4568
9136
1145
5725
10409195
9232
1163
1169
1169
868567
42912821
1174
2348
4696
66460602556
1177
908627640877
2823866
583799
3712347
4317535
861362
1202
1203
9646025
8229495685
5118887
709816181
7957583814809
1211
1214
1214
70886674
19722327146
61965749091
39488
1237
91266863
1243
1249
889795
944007
1259
931879
9708439
8331942749
1263
713321
9138380671
13711483
5128
21043226186
774302187507
1297
3897
48773553
21387357401331
821875
1318
1321
5288
48295827512
3788979
89311
65513
3715523
411184991
823301557
6989583
1351
9457
6775
570455
895655
389779233605
37105130857
2046656110049
1361
737383
174848
4113
90924075087
74138171610453
1387
1389
6274113
218387
642173
511640392949
847606001
949831
70208508462991
18310603594797
5752
5816
65152286
3244975
7285445
963646235
1469
1471
1380452883
132256305501
5009306
1489
40419
664943
5251999
9851063
3004
9459439
4527
343451
242087411
41229
963537
6285719
8830010167
901210462255
5741354
352889
74821762
959345
1567
1571
3148
6296
3780748
1577
39625
1589
3262217
202057
1594
3188
3188
1613
1613
3236
1633
517661
785081
59764396021
8073121037663
34800548
8693141955208
87079
631567
21533993
3316
30391350933
3356
8284286
3191779
1706
9081038
74916042183383
1306637
4987354
6482725252
1726
1735
23691865
3474453
874554866912444
5337
1787
1795
1797
6212229
5463
1837
3676
3833857
1857
171599306
295637528
9325
3764
1883
8645331
1901
527131
85349537335
103489751
8331377
7736
8045313324501
468263
1957
574831567
21877484134049
417664677
1969
695057
491642599
67949292481
8488276211468501
559471
2003
991536556
849293619113542
2029
8532231
524920218201
770507
2038
8152
2039
65344
733181
8312
6946754
67298108
44659282972
4196
2102
6309
2111
2122
3537201
2167
2171
4402174223
215788054849
69568
6543
2186
53609464
2148423
483918537
37809850887
3120342286
2227
6687
8441934051
8197637713
99244715
7069837444402055
619694158718
62577010105306
5526937741
959275348124551
6486012422
2263
8464309505
4604
73664
898942709
2351
2381
831203662
7173
84693750325
191101
21843
17268042208
4892
2447
2447
2449
90776402
2463
9115563
4948
845605510808
7659040128483
4913857
28845011
929143
59913280409
2497
660214291
5667962
2515
7551
5036
2519
2551
3634342
2557
904033
5154193
17353858
1405243
7713
5164
17805410032
3607997803969
86797361571
2591
2594
2594
5188
512791
39092534255
2609
2609
13075
7692637025
2617
2617
2623
999393243
5276
9910984466
8364900043
2642
22459642
2669
2689
2693
2707
8163
3257573037
5444
2731
5468
21872
2746
681137879
8271
2759
149227420777
2777
27134255
2813
6208054
685989
5973451
2831
4324843855699
624244407
2855
8577
5732
2881
44519264744191
364516865
104185609
5804
2906
666619
12346058
6932404131
2941
1676843
2957
524304970321
7898458
2969
26757
2974
23888
2993
7406635
97628269
3160637
3017
3027
3306821
9117
3041
5784743
364315807897
6092
6092
2075005
95068443385
3097
57736191
33364564
3139
3142
9441
3166
3173
428354519469
90869587
3199
86589
16175
69872719
3257
5129315
3269
3271
71406291483
9837
3281
3287
3295
3299
2852215
3307
3307
1583236520977563
3314
1685603207
3326
98479862073
53344
3341
3385
34706405
13544
399527684
6788
6836
807958847859
3491
3491
940693
3518
24647
45799
3541
3551
57056
1015687
3599
7204
7204
3603
662335887
692557301
478019
52489957
1764157
3693
756906201
59104
3707
53196151
3733
269452754906
7484
3749
7516
60128
73232199060663
3778
3778
3785
2750200843
3811
3817
77954386487
3833
3847
3847
3851
991763
25190516782
18743596908931715
994333
3889
445545915557
7804
3919
3921
9126139
3957
28676379
3974
526996325
3991
3998
15992
66972738373
4013
4022
3028783
4039
918007198609
4078
4087
4103
16621145
53084171
6790282751
7174661
4138
4178
80630173322
668212198883
4189
4207
388331116
62365586
4299
69681825612601
4309
4313
17434375121
4337
4343
4351
4369
4405
22075
4426
4643923
4435
8884
8884
4453
4457
4461
4461
330077943082
4479
40824136
72608
4546
17160257
4567
2786345253
4583
1551198483
4603
4619
517872107
4637
4639
4639
4659
128033979
4673
4678
19940638
4702
1490087615
9428
4739
10775481
4762
4765
86210295379
4777
4799
4829
4829
9088723
4843
4847
4861
793321
4871
19496
123516908
8702823
200203977
9764
4885
4889
9544253
4909
14733
4915
1601160172133
5011
5062
5063
26088030773
5113
7083149
5155
220526700032
877955168
5186
99244009888231408
5241
784341308143
674048
5269
5281
5287
5294
7572271
90678365
5314
156173146
5327
5339
5357
5367
5413
5414
73565708
5441
5449
5455
8387762879
5462
5471
5473
18917765
5509
5531
2663766029
5541
5554
5567
39053
5585
5594
5601
27661290383841
5611
5611
5629
5631
5639
5645
8022992957
5253060633818
5683
5686
45488
9809381587825
5773
6309889
5783
5783
5783
5837
4129591
34562497
665909
925201
29525
5921
5935
5937
95008
824749239
5993
5999
3585939557
573106519
6033
6038
6071
6349794051
6101
30575
1000702432222
42973
6151
6161
6161
64823158
6169
9645533
6189
7780049553
97830821
6263
6267
6297
6317
328821853221962
6329
6331
6339
6341
6362
6377
6377
6379
12764
7944300836
82979
82979
6403
5679461
6415
6421
6423
6429
6434
6437
6437
6439
6443
88675009
6445
6449
6449
6451
6458
6463
6502
52016
22698482
6528546527
6514
6515
6518
6553
363894972785
13228
6653
46303988417
6671
26744
6689
6694
6697
927537536144
6729
6743
6757
6757
6773
6782
3223048399666
6829
6826884398
6871
943519
6931
307609431011
6933
6982
402908861
6995
6997
7013
7027
7283683
14108
423426239708
7058
14132
7069
113504
7118
7127
402365896012
7157
33482045
7166
7179
7181
7183
7211
783710282
7249
36275
7271
7273
7303
7311
78636689
7323
7568791
7333
7357
7361
760861
480052841
7393
7397
96161
81433
7415
7415
9606158465533
7453
7465
7483
7483
7495
7509
7513
7522
95868284
7543
7593
7597
7609
7613
902019595
7621
7655
7661
7666
7694
7697
7715
7717
7723
7741
376747202922461
7787
7801
9072563
7807
7811
693686771
7891
38970517212029
7895
7895
7897
7927
7957
7957
156352988136953
7963
231706675001
7977
62817995
7993
87967
256064
9638854528
315742525433
8035
8111
8114
782197714
8207
629201579771
8227
44744683
8267
8285
8301
8309
8321
8333
46517635
8359
8367
8399
16804
67216
8422
8422
8441
547917698
8471
8483
8486
8511
8511
8529
8539
8546
8593
8558764260109
8609
8611
8654
8698
8699
8711
8747
8767
8794
8819
17684
8843
8885
8885
35576
8903
8909
8917
8986
9001
9011
9014
9019
1844168247
63946053864779
23005152830539
9055
27171
9083
9097
9098
63749
4272110609
64043
9157
9197
9277
9287
9305
9311
18628
9319
9347
9379
9383
9395
9442
9493
9502
9547
3337487
9578
9623
98517284
9641
9655
9661
9689
9753
39016
9761
9787
9818
16819684246234
9857
9862
9863
9866
9907
9923
9973
9977
9987
9989
10049
7175789
10151
10162
40904
82448
10391
10397
65634784451
10418
43135663
83728
94959
5723239
10603
10607
10741
10771
10838
559302079
43816
15270576661
11006
40611241
11117
214073
90704
11383
40729612275833
11405
5261393
9432403
91856
34677
11721
20243527
94029801
10839416583
7685297847153
87661
12563
6686050769
113913
12701
25684
4484999
83823112087523
12931
49599461495
298769369303
54881603
922073032237
47076180181
13162
211168
89977667
280109079
7004539
52902550554619
702833162
5644182158
13967
7315201
56344
784179019838
339693041
755160660519529
7931123
14249
62613413
14386
14414
14431
29188
71814521
14702
14786
14897
119216
29948
292685098
9634177779
15047
714146213698
5139587
582505486
15389
286722653
15443
74889899
791431261
862927645187
790168934
15689
15733
63352
1114433053
15923
32036
832561078837423
16138
16153
32324
698634247759
24525286839
630730059
16459
16563
16715
9906422398
16855
5343176816
71802481
152469
84775
16959
34809884189
16987
17093
17151
51453
17197
34436
467750861
8683289
17267
17341
226057385
69416
17373
17509
17583
70424
35228
88175
17726
17737
71144
17858
17861
17863
54261
91825
6567827619
18481
255101818865314
20527716592
18599
24358921981825
18771
9700328553
37652
563426861
18899
95075
9957397
365878703
38572
19333
77576
77944
19559
19582
306015625
19811
79528
20035
60111
60309
20135
60633
20249
20351
20353
20534
20642
41348
20807
62523
62649
419220922
21178
21215
33511117
21271
21295
9398551
21418
21439
21523
9739259
21701
43444
21817
21829
99721742021
21958
21959
22183
22299
22319
495930642451
71065506763177
45404
45692
45884
22987
23019
623619
46372
23251
80372047
23531
70911
5666929
57545003197
23915
23962
48028
24491
24523
49156
24637
96810350124937
99464
25369
25409
90303414202
25681
25706
28089981541
77661
803374142
52036
26074
26211
26563
5253043491
853184
7137793272451
27904803451
26837
794820536974
32202652865
27273
27343
6124846408
27785
55988
897856
28069
28151
5079275982497
56428
6658149475
28415
28491
60682048985281
57556
871703086
28927
29067
87273
29539
29591
29654
29833
59828
29919
239504
29947
60212
73216568619449
30179
30271
30323
30389
479311731046
30662
61396
61444
61604
30913
92817
31334
31606
32071
32119
407612825684
39706408123529
7761317639
32317
97191
260048
32546
32587
471812158663
32807
427739
33011
33137
13762351784
33206
33257
33266
66692
33382
33386
571931
7845809
33679
33751
1729915123
67724
33937
135896
34015
34097
2182784
34229
34271
34417
34653
34699
34805
280304
70204
35183
35227
35269
35521
5895557519
676488963329
35731
35767
35803
36071
452686312072
36143
36299
36327
73012
36511
36719
1001363849
36967
37385
37439
52419131
37735
5886048850113
37819
37833
719473
38174
38427
38509
38513
7849757802154
39119
985375
39839
39869
40241
343097248957625
40493
40607
446370667
40721
40771
40835
40891
78393360923
41098
41167
41187
41279
407856971
41423
82988
670304
41941
42214
42301
429329882178241
42479
14432513092
42583
42638
42727
42773
9390591741
42967
43007
1241306530627
87092
43655
43705
43969
44007
44078
44081
398007
44315
44337
44339
44339
44549
400977
89108
44561
89372
44705
44947
45127
361904
362416
45317
45703
45807
777225596221
45987
49183621
70659367132
46149
46317
46987
47063
47129
47351
47389
47667
95548
47891
48099
48149
818737
433539
434781
48349
48511
48557
97124
48567
3579627856630421
9429959433
48713
48938
48979
392144
49019
49047
44409050095193
49186
49263
99068
99676
50114
74589407
200968
50489
50557
202408
71642474477
410224
289579567
51482
51638
51694
710823183848
52291
52361
52427
52447
52933
53039
53122
53257
522750979286
53353
53413
53623
6866176
53747
4194572149
54211
54301
54539
709969
54667
10160531003
54823
55051
55267
55313
55339
55394
55477
55613
446704
56167
56267
478441835091716
56723
56733
56761
56954
57158
57207
836833669
57529
57613
57647
57671
57769
81869225409
57935
57977
58103
58229
58294
58571
58637
58655
58749
58753
58757
58801
59197
59281
59467
59758
59759
60353
60371
315045529
2695482181
19832898704
60782
61199
61205
61489
334749246241
61529
61549
61583
61634
62063
62378
62597
62635
62999
63139
63303
63499
63691
127852
63967
1212157533116
64126
513104
1281878574133
257384
707971
64466
64739
65011
65261
65371
65371
131356
65787
65942
66026
66098
66287
66379
66401
4503612223
66569
482823384573
66593
77215930740947
66959
66967
71051987
6751970599
67153
67205
67271
269912
67559
4225912739
67759
68011
68077
68131
749837
9175399157
615141
74137130241158963
338614019
69002
69155
69346
69518
69933
70145
70181
70337
70417
79514922594059
71143
71194
71319
71481
71499
71515
644949
71819
311984813651057
71989
384685289
72235
72321
72509
72685
72687
217784253805
73058
37234877
73403
73618
73823
74073
74171
74813
74869
603184
84885402216343
75513
75947
76029
684423
76315
76359
76403
76603
76663
76787
76805
76922
1461689
76949
77302
77369
77549
6885281926
77669
77709
77723
77743
77761
1246496
77941
78271
626224
78397
156868
985973356531
78889
79519
79649
79719
79941
80129
80309
80349
80449
80719
80853
80979
81626
82135
70651458813098653
82393
82619
82657
82743
83039
83131
83351
83663
83677
83686
7427886168389
83953
756729
252459
84179
84353
84361
84391
84901
339656
84982
85142
85363
85417
85663
23291542811
171604
85867
71276591
467734013
86251
86354
86763
9750284887
87113
87214
87459
87467
87562
87981
88013
88141
176524
88339
88535
88597
88721
88766
89014
9352389443
89479
89515
89843
89878
90221
90322
90439
91169
91337
553971049743
91781
91849
92121
92542
92702
186268
93243
93341
747248
93614
93614
93947
94183
94258
94273
94309
94322
94603
37579555987
94821
94971
94971
95413
95527
3462105394586
96009
192092
96341
96389
96519
96751
96895
97059
97105
97285
97369
97369
97437
97607
97667
97711
97742
97757
97789
97799
97814
97961
98047
98473
98662
99039
99069
99113
99131
99133
99338
99543
99563
99823
99833
200204
32741380101
909981
507175
172464409690227
407752
408248
409048
412856
103633
1631181707
519275
6490991163
954531
106459
106481
427352
428728
107413
107507
804512904064145
244509481971
872752
109477
879664
110065
994167
331983
443528
334629
899792
112501
4766265661
376286712301
227588
12274366267766
116731
954746270953
472072
604001667713
118171
473672
37359088823081
361737
4831637863
73258565567
863527
9341382166
380529
8211584
129787
650725
43669061455
21019918636
132491
1725659
133217
133333
133673
133891
208780720917337
136273
38274311131
697947150117836
137549
137559
690837672964
555224
139135
280892
705275
964853800725201
143833
146963
147993
8144826535229
148723
449433
150049
152499
32958728721
1929393509397
83934513537539
7558691
154319
155173
156242
78877294828
156458
158602
158929
159437
159949
322052
97959530836
818725
165409
830075
3169219
55673189669
167939
168807
169382
721884089995
686696
172037
351172
175793
880025
177581
2065549879
187687
190171
957475
383884
192862
193243
193359
580077
193495
193535
779048
195647
195785
196379
393628
197089
197123
995675
202453
408316
408404
44013389345
205601
205927
206007
206233
206441
414676
208253
213509
215321
91769413157639
216269
654903
91372212585477
220679
224151
225403
226333
683217
228643
229003
232762
233467
704547
708363
237662
238715
477668
716913
242311
730629
3897248
244102
491684
887985069343
246622
2224611
249086
252421
758691
253093
509596
256117
256843
257605
257647
260483
260978
522092
262883
65871997613
16858372763
264878
268303
852844022717
16440639494219
269783
272095
272793
2459187
273794
276157
277363
5255747741
281339
1133368
283841
283991
571612
287197
290397
294179
754618924076
890343
8073999
302719
307018
307351
307499
527277578987408
309647
459202726529429
310402
311618
940617
313739
317073
318301
320069
966159
322549
7919114129506
327889
328213
329234
331121
331753
331922
333257
9008577
333679
668764
6511027051
335359
335579
338179
338399
1020933
341101
683684
344363
346993
348578
350389
351053
32963664587281
7201172119
357067
357263
358058
358653
5743456
359791
3266919
727108
363929
364079
366101
367943
368359
73054577378
370985
372139
744748
4150663
380581
380967
998059810343
387461
390886
391133
391354
391603
395279
395695
397833
398977
399778
400922
10877571
405547
406247
406383
407461
407587
407755
407881
408677
414433
418189
419021
840508
422482
846844
424079
426093
427198
430757
431551
864476
82636906189
434279
813505870868
870908
435493
2180575
7289144642734
671283791
439799
442059
110864121887797
442579
444209
447033
447379
448703
448843
453673
454967
461623
77455096535365
932636
469669
471613
471797
474893
475681
478151
479001
479049
480507
480542
480613
480617
483347
484161
484307
484618
487077
9719239787962
345289508341
489189
489506
489794
6136289437
491039
491635
492647
495826
996148
499661
501261
504797
505459
4554279
508373
1536831
515579
8259424
517441
517993
518779
519511
520073
520307
523813
528123
528611
529651
5426901757614417
532283
534277
536506
537827
538777
45946075879673
544711
545971
552287
556421
557734
558251
558814
561373
567071
568403
569122
573946
575257
576101
576461
577177
577293
577511
577531
578906
582589
585422
587897
588143
589811
592001
592547
593471
596811
598589
600211
600499
601115
601297
601477
604027
606181
607162
610691
616622
618537
621065
621685
622109
622718
917876051
625103
625199
625273
630107
631273
631639
632779
632779
632901
633929
634603
634906
635051
636154
638861
639365
639466
639629
640126
646981
649394
649883
652759
2612488
655315
658569
662623
663853
667661
671287
671521
672119
672447
673193
3107239301
677837
680857
682853
684406
685439
686282
686534
686577
686827
7799076599
690191
690451
691391
691603
694337
696017
698483
698735
701057
57036231247011
703369
707087
707723
712381
712958
716691
25300802728672
720514
721643
722123
724957
725651
731251
731487
736342
92030035176131
737683
3694025
2957384
745378
747469
748393
750041
753099
32355440400056
755785
757073
757514
758777
6140272
768119
769357
773011
774517
776533
781853
785071
21231801
786557
2362869
790423
791107
791227
60044673264076
795467
11023191239
798877
804107
807097
807629
808493
809323
810977
3249976
813011
813559
2450997
3268264
817457
819095
823154
823961
826769
828202
828251
829271
830177
831157
833639
89990843003
844618
844918
849983
852167
852447
853663
855986
856889
858019
862503
863467
1728124
865177
866981
868597
870707
4358275
877882
879139
880519
884993
885451
886667
887206
592730130710282
889957
891507
72373963253
3585544
1793452
897749
899039
900359
904003
904201
904467
904853
905393
907234
907553
909133
910363
910999
911474
913183
913673
3656008
28645087921999
918287
918958
920935
923191
924899
926371
926461
931823
932153
932606
935954
936437
6309800093
938129
938937
7516688
3759016
944117
8201597091649
948449
1905916
954313
957626
958897
960026
961474
962083
964615
965699
969369
972091
973223
973439
973587
982029
988045
30428545460636
989327
990723
993011
47279751051539
995249
995903
996293
996427
1993988
998603
998617
998723
999031
999391
8114384
1025537
1037962
1060102
1070998
1092274
1093907
1099369
8879632
7795753
669479621966
4470344
1167899
1167901
1176497
4962872
9948304
1276657
351975738923
1312063
530673911050363
9633253
1406255
1412771
1442611
2891276
11599472
2950364
1487611
1487987
94297351838434
1491051
369221509933
1523755
7717525
4648869
99783808
1577138
1610855
1638146
1656521
1656949
1658845
1670689
1673933
13438736
1699483
1710463
50147989
1756231
1767993
1769203
1769371
1794038
1802441
1815326
1831013
3718004
5936094953
1890607
1894289
329273992043
1924829
1939561
1978321
1988633
1993071
76554398611357
2038163
2058103
489719939957
8321816
2123743
2141891
2160607
2179019
2204417
2210617
530101158489297
59182266301
462416841463
2315309
2333713
2347567
1311009287218496
6514622992239
2369935
2398879
2408339
90559814356127
2474278
9931736
2491835
7490277
2517109
5066524
2562771
2634059
2664653
2690606
2714941
2725867
119995256023
777621144497
2801671
2832359
2847277
8566983
2888191
5797468
2903757
2932221
2937071
2961691
2968877
3032449
12422666210171227
3072085
6151228
3083287
3090265
3099835
3100673
3125123
3126117
9398223
3141383
3179717
3183718
3183761
6418604
9770967
3268751
3298623
3315437
3341006
3344827
6692948
3374929
3414067
5719698790851
3456931
234624227205007
3485186
6996116
3502077
3517427
3555509
3556103
167490088419987
330708878659
3631951
3641798
3743737
3857926
9636874643722
3863854
3875383
3940465
3946969
3957099
3984961
4033721
4044611
4066207
4070761
4082413
4095343
8238836
4124959
20877475
4186795
4201115
4232733
4274669
4283807
4319303
4333838
4343667
4347677
8736628
8792228
4418497
4428469
4439427
4440113
9000356
4511887
4512098
4532003
4532533
4547549
4569821
4584709
4589477
4595213
4669127
4694493
4721887
4725191
23634725
4747551
4751601
4806026
4842069
39182032
4904061
4953823
4954049
5034019
40335728
5051161
5057387
5087933
5097355
365883536088793
5168483
863200402241
5208727
83654176
5357309
5359703
5361526
5391739
5396366
5418982
5428699
5439531
5439653
5487913
5532211
5552362
5569139
5572837
5578757
5602301
5603377
5621813
5663167
5670187
5686617
5736779
5737371
5752319
5770511
11546732
57766879549
5856841
5890373
690031853627
5913559
5915879
5932373
5941961
5946118
5969899
4061951159687
6020453
6040477
6138151
6144049
6147265
6207503
6209501
6227021
6257635
6262117
6272701
81695783
6334831
6346123
6350518
6375242
6375373
6386573
6398479
6432523
6437927
6440737
6476633
6516206
6582629
94958410004468
6655661
6678151
640833070211
6768089
6781079
6799711
6822553
6822793
6882493
7049551
7126541
7131671
7135669
7173899
7237007
7294421
7356079
7366657
7368458
7405822
7414411
7439962
7485239
7532621
216410276387
7623157
7644853
7725407
7762511
7790327
7836427
7894207
7925667
7931089
7952677
7954531
7959137
7966031
8000147
8015647
8050171
8054511
8079761
8090619
8101669
8146069
8245931
8260711
8282623
8285293
8290805
8296973
8397429
8418259
539828864
8492011
8539053
8543383
8653166
8670715
8681371
8696077
8737979
8773103
8846611
8923781
8928253
8933737
8973389
9016571
9042139
9068861
9094809
9136835
9141823
9185314
9201607
9206518
9261053
9285331
9299909
9339047
9353849
9365393
9401701
9402131
9403543
9452231
9460139
9507985
9540371
9559793
9622433
9717061
9758083
9820787
9849287
9894527
9928795
9987427
10161698
81877072
10262585
8894031576589
45551336
22905572
80438057
35256699
12592761
50377064
40511169
14045219
14794903
14967371
30436124
47241459
15867367
514945856
16442837
16541641
16608206
133517872
67029656
17042705
85654025
71081992
73608904
18868006
75514984
1125350162333
19181158
60739101
20879987
21185521
22199713
90102664
23477429
23644423
23895563
24731353
26149429
27588549
27726466
28519409
29239619
29867081
29997791
85471277370359
30814027
31078977
32088851
32817801
32918722
33178723
66642308
33827487
74687836306565423
34719119
35679053
35711353
36113461
36140443
36612227
37058509
74527972
38115478
38203493
38857345
39493529
40113631
40641487
83402212
83623604
41882053
41944043
42320665
42390305
42511789
42557266
42745987
42819577
42848842
43219247
345830896
43566517
43795109
9723863523217
44943681
45153118
45180091
45308807
45431962
182688232
45676633
46541769
47417927
95018804
48856109
49449866
99627692
49896697
49949531
50875843
51176527
51386338
51472123
51684371
52216319
52399059
53472273
53578417
53839307
53844914
54234319
54716653
55035259
55087079
55459345
55829621
55844639
56242591
57361067
57635063
57757541
58282685
58349647
58952089
7538828703393363
60363061
60570977
60830389
60933791
61352567
62365015
64802371
65102159
65360489
65567239
65588147
66220041
66252629
68087369
68793689
68853529
68865857
69106823
69153121
71334262
71404943
643896081
71972987
74090581
74216938
74278357
74443101
74521581
74717231
75644601
77151317
79627789
80239667
80287159
80985419
81653379
81773389
81972623
82172801
45567708707869
82418189
84350969
84619289
85905803
85989451
86127401
174351092
90092494
24277184773487
91056566
91298785
91848254
92017669
92073974
92172919
92642633
92951093
93060302
93782879
94154869
94934831
95332247
95917867
96353023
97258081
97421591
98532001
99017302
99811679
101698087
312330393
525527675
124646831
253562668
131477795
136910615
137975462
576965656
145406153
306048668
57322548991679
656742536
166132283
835282475
174008071
183200813
191964077
194189783
198698041
202580997
203357606
9898324263481
419298892
213641413
772383970693717
946054136
252159943
255550991
780521409
260181793
287300998
291864449
303037195
312099649
946617129
322813367
325857883
334793363
340263067
346338374
365031487
368802074
746056676
382971385
386182063
387614431
392480533
393002527
393999293
394350667
891867772
1828439512
460000922
463965837
476269538
478624346
489616977
491322541
492618635
494505133
501413953
511730111
513982423
521612879
4712697477
529723693
530958601
537025817
541902622
544529698
562708903
578806511
580451379
585984901
591214209
595080014
600076577
604672627
605209567
612017997
612138187
619577981
624384367
655991249
662973637
664308949
667340801
681893335
689615807
707634241
721185266
737169757
6001640432
750224323
6854698359
772382638
774475879
19381720375
787397741
792717481
797229142
797706097
800906599
801385454
805959053
811388063
812546902
816480802
816776419
817249138
823179243
833502671
865071373
865526674
865795337
870840043
878944529
895536097
897031419
900230693
918286118
922369517
937864589
938887081
946739851
967545697
978837859
987839662
993784387
1012895318
1068934291
1078106693
1078224905
1103046641
3313165419
1202594207
1333265441
23482777943
1408667113
1481271703
4537128987
1516681889
6163844056
1699840798
1701479991
1796710147
1881941993
1888790315
2122181587
2418696398
2443624486
2459725167
2640072866
2663097314
2732605507
2746131587
52689374867
2833829049
2936332601
3023564977
3030672077
3053645818
3131258114
3325941943
3452395007
3489569309
14063851432
7132794404
17857148525
3664795534
3710845739
3733391087
3741909703
29970017552
3811392631
3848634211
3863526703
3917775709
3922552057
4073723601
4081777643
66362701088
8392776484
4217330543
4253867621
4271052353
4276160131
9154798124
4615655833
4620434083
4634061241
4679535557
4896861665
4898032019
4907434822
9953940532
5097848102
5226531547
5253262159
5318902343
16791290343
5601540647
5989560347
5996378867
6092212267
6146120083
6224374901
6318202481
6329596594
6503563081
6531099433
6707939053
6804710911
6815351371
6869101489
6900415429
7011995323
7151132913
7222166279
21753758457
7373268106
7487818673
7517103833
7561786565
7678417907
7772155387
7842150731
7968204857
8006445221
8018169277
8030576571
8086770151
8096878547
64787716496
8178266749
8182229606
8544390139
8629153961
8645957465
8752807598
8761486802
8769785741
8816807017
79369844517
631035752429
8910057889
8933522863
8959428607
9125304134
9239789653
9432256457
9461911177
9497196691
9588325741
9883014229
9944262127
13508061213
14291945923
15472414121
16542124877
17321694601
36152721596
19947645761
20939753201
21934406278
22388369473
22492543771
45201233788
94294265224
47541238396
26396588369
27061811641
27847625437
277458209649
31151612521
32170855207
33000144373
33851765174
35709062483
35879964719
36667318631
40312078522
302552614007
43380930485
43533995737
44248343561
47068014661
48078120319
48228618619
51681735569
52557694183
53462719183
54155092378
55103877629
57361884329
57732351109
60095780119
61520977147
61832640218
64049571797
65246481919
65752949687
67163446258
67281200381
67583313197
68126982421
71346758741
143470712516
73655146119
151204077412
76869218593
77336698433
77740314005
77802218089
78462253853
80962485361
81481856737
81604606781
82894298461
83595984803
83989502061
85374509533
86707609583
88417952551
88535949211
93237367953
93307321671
94617388373
95325301207
97295199874
98816106209
323029986219
120212855561
124526197211
149210823022
150595906987
604709094232
313671044404
162610687774
867387193675
903718894424
228540188018
242167567163
245565872579
246922884394
255183171241
265957025374
269395517837
272181688153
273430313246
282648133303
283187612693
294689995757
305519647631
329949841967
333717520559
372083896189
376508704135
389395386586
400365140951
845158775228
851679275852
439682526769
458551752166
463022716609
466196934161
472374596641
967712506108
484960582633
488909187227
511777904803
512521955801
536372046143
555171704915
560347089842
3986383712899
576488837969
577950922397
4679397707536
612985187069
613948090433
623797715039
657908601251
1982420514873
670745604329
673949030657
681992151242
696559773061
698829603707
707640448589
717640318315
733261292938
743026374553
99298709641984
832414214851
844947264814
846468745259
897275993503
899209291789
6400706420507
919673683714
3681193252312
929155763863
940780265783
967084232897
970865552381
980216430437
1027470984755
1082229863737
1106579798557
1366403562593
1393268176353
1487490171539
3307865658316
5557340949183
1927602507353
2026432232677
2171076343783
2253287869738
4610119608956
5628534704204
3105105627713
3365777809763
3616027266563
3883854451889
3911897443931
4114137055489
4149283289626
8311486658492
4373616762617
4665238236763
4902673473469
4985306696222
5080269203363
5409421568619
5473427239267
5799379170377
6377887575187
6431209056859
12984256446428
6665363568337
6743461345873
6906331461307
7034323559363
7442563288691
7909822289389
7952727683123
8045166168833
8096241191141
73561660153497
8394843003857
8709109051886
9110572108294
9302140130126
9544751938297
9917154233967
10874947720789
11350618563941
12839145790363
13071728770301
13539593245897
16393996640941
74979440788744
19325564436202
19356014578151
19411975387421
98206826796275
26087636766907
82320603376491
27567089263393
32088208133389
34276437786787
35414034237479
35841305405447
37141841474302
39046049501929
49851079332533
53289223298137
53662720273123
53824577840953
57500310079007
58020329536977
61269915865033
65964080501519
67194707072507
76943132837261
81027416116622
84788250866537
86142582191801
88113182690617
90167164877369
186624721976068
94381096603735
461620759432264
118627573486047
121543866687701
134419176192185
156139143423227
210475543887569
228437049338101
323228070008015
396838034654882
445146624741509
450086798933411
506145909528463
552111966696091
652709581921387
2257706792854971
790692963572021
812581838516221
844721349497365
867683695162705
902170664446057
981817055081557
1076239110867353
2870011658245565
4063073831282131
4431403905902399
5973055272474643
7046714090230838
29607241053594728
9367098356496577
9762573038002573
28644746344664783
33405858175189645
49865590440468427
53546587076173769
54730863090232969
56572162686451694
73654345011907301
